0.0212385 0.0492378 0.929524
0.0280566 0.0614193 0.910524
0.0192937 0.047414 0.933292
0.0112026 0.035387 0.95341
0.021699 0.0498186 0.928482
0.0386094 0.0603454 0.901045
0.0212385 0.0492378 0.929524
0.0237113 0.0505013 0.925787
0.0600311 0.0569342 0.883035
0.0205807 0.0501245 0.929295
0.0280566 0.0614193 0.910524
0.024575 0.0721874 0.903238
0.0249435 0.056065 0.918991
0.0211584 0.051988 0.926854
0.021351 0.0494871 0.929162
0.0241839 0.056184 0.919632
0.0259723 0.0496694 0.924358
0.0287215 0.062756 0.908523
0.0192937 0.047414 0.933292
0.0289247 0.0537864 0.917289
0.0234182 0.0544089 0.922173
0.0248222 0.0567227 0.918455
0.256773 0.560812 0.182415
0.026954 0.0613634 0.911683
0.0239046 0.0555894 0.920506
0.022183 0.0545029 0.923314
0.0213262 0.0535683 0.925105
0.0241674 0.0538995 0.921933
0.0217796 0.0509472 0.927273
0.0245242 0.057154 0.918322
0.0253754 0.0499677 0.924657
0.0290516 0.0620989 0.908849
0.0112026 0.035387 0.95341
0.0294136 0.0649003 0.905686
0.0284944 0.061128 0.910378
0.0234987 0.0609409 0.91556
0.0285546 0.0649528 0.906493
0.0277077 0.0609973 0.911295
0.0293728 0.0670729 0.903554
0.0284727 0.064847 0.90668
0.639639 0.0369788 0.323382
0.0228941 0.0518243 0.925282
0.256772 0.561058 0.18217
0.172344 0.282808 0.544849
0.649159 0 0.350841
0.649552 0 0.350448
0.161533 0.648564 0.189902
0.561027 0.304111 0.134862
0 0.804345 0.195655
0.386377 0.47541 0.138213
0.021699 0.0498186 0.928482
0.36021 0.562755 0.0770354
0.5369 0.216904 0.246196
0.373529 0.512932 0.113538
0.372733 0.530944 0.0963229
0.0978475 0.690929 0.211224
0.548238 0.297667 0.154095
0.630037 0.316041 0.0539215
0.0977653 0.691206 0.211028
0.548545 0.291108 0.160347
0.0386094 0.0603454 0.901045
0.473825 0.182665 0.34351
0.170639 0.598721 0.230641
0 0.804506 0.195494
0.22013 0.608632 0.171238
0.170434 0.601857 0.227709
0 0.804023 0.195977
0 0.804738 0.195262
0.0259468 0.280423 0.69363
0.0212385 0.0492378 0.929524
0.0280635 0.10313 0.868806
0.0821698 0.558218 0.359612
0 0.787902 0.212098
0.0307198 0.292051 0.677229
0.0883875 0.0806516 0.830961
0 0.37452 0.62548
0.134379 0.462946 0.402675
0.327466 0.0396809 0.632853
0.0778377 0.224668 0.697494
0.126444 0.66292 0.210635
0.203575 0.595465 0.20096
0.0959614 0.100736 0.803303
0.0453591 0.0950928 0.859548
0.0219485 0.0512615 0.92679
0.0233871 0.0529412 0.923672
0.0186966 0.0484298 0.932874
0.0105687 0.0336948 0.955737
0.00977726 0.0313154 0.958907
0.0235614 0.0541312 0.922307
0.0051232 0.0279792 0.966898
0.010157 0.0346213 0.955222
0.00808522 0.0311098 0.960805
0.00547228 0.0338969 0.960631
0.0253555 0.0559323 0.918712
0.0273963 0.0598648 0.912739
0.0154483 0.0412124 0.943339
0.0835811 0.123431 0.792988
0.0109525 0.0342501 0.954797
0.0159416 0.0412178 0.942841
0.0232287 0.0519676 0.924804
0.535808 0.289989 0.174203
0.022954 0.0500138 0.927032
0.156239 0.613248 0.230513
0.0179415 0.709962 0.272096
0.00452478 0.0273082 0.968167
0 0.798141 0.201859
0 0.80063 0.19937
0.00999453 0.472398 0.517608
0.286654 0.387833 0.325513
0.0378895 0.0741386 0.887972
0.47913 0.329229 0.191641
0.0132649 0.129363 0.857372
0.0831324 0.0869982 0.829869
0.269865 0.353378 0.376757
0.0229631 0.0526923 0.924345
0.245215 0.153268 0.601518
0.568702 0.309946 0.121352
0.519253 0.27478 0.205967
0.515816 0.328052 0.156132
0.0280566 0.0614193 0.910524
0 0.66997 0.33003
0.351798 0.567983 0.0802191
0.357005 0.594012 0.0489832
0.387009 0.582657 0.0303348
0.396794 0.583704 0.0195014
0.214589 0.521405 0.264006
0.145622 0.381535 0.472843
0.024575 0.0721874 0.903238
0.316562 0.54038 0.143057
0.49042 0.430167 0.0794134
0.498041 0.434183 0.0677759
0.433016 0.289448 0.277536
0.261947 0.205381 0.532672
0.51975 0.440775 0.0394756
0.341133 0.286426 0.372441
0.478575 0.381621 0.139804
0.434138 0.446435 0.119426
0.0249435 0.056065 0.918991
0.456214 0.293297 0.250488
0.467735 0.294941 0.237324
0.217455 0.16642 0.616125
0.448664 0.272414 0.278921
0.4291 0.256428 0.314473
0.462879 0.270108 0.267013
0.163782 0.422281 0.413937
0.400535 0.521518 0.0779473
0.532712 0.467288 0
0.0211584 0.051988 0.926854
0.442262 0.528603 0.0291351
0.537091 0.215762 0.247147
0.408048 0.52027 0.071682
0.631956 0.212102 0.155942
0 0.809609 0.190391
0.381626 0.566125 0.0522491
0.00523125 0.0275052 0.967264
0.0271633 0.0593595 0.913477
0.0559264 0.584105 0.359969
0.0146183 0.0410073 0.944374
0.433908 0.566092 0
0.027321 0.769094 0.203585
0.0274433 0.769145 0.203411
0.0259723 0.0496694 0.924358
0.205261 0.658908 0.135831
0.0230147 0.0517816 0.925204
0.0224694 0.0509246 0.926606
0.0199649 0.0462958 0.933739
0.0132426 0.0374879 0.94927
0.447801 0.552199 0
0.0267716 0.045474 0.927754
0.0463249 0.0942316 0.859444
0.0205201 0.0471508 0.932329
0.0360907 0.0797451 0.884164
0.0152823 0.0396575 0.94506
0.0147754 0.0326264 0.952598
0.0179342 0.043686 0.93838
0.00517793 0.0280838 0.966738
0.0289247 0.0537864 0.917289
0 0.800757 0.199243
0.0294536 0.0618341 0.908712
0.0535289 0.111829 0.834643
0.654668 0 0.345332
0.0183411 0.0351703 0.946489
0.0207399 0.0477161 0.931544
0.490773 0.509227 0
0.654734 0 0.345266
0.0538633 0.787718 0.158419
0.462619 0.537381 0
0.026954 0.0613634 0.911683
0.613065 0.321588 0.065347
0.0170623 0.0420222 0.940916
0.0137601 0.0394743 0.946766
0.398357 0.492689 0.108953
0.0164117 0.0489869 0.934601
0.0143368 0.0390198 0.946643
0.397595 0.521195 0.0812108
0.0179581 0.0422425 0.939799
0.0272778 0.0590594 0.913663
0.0218225 0.0519833 0.926194
0.0159826 0.0468569 0.93716
0.521828 0.12798 0.350192
0.0134981 0.0290886 0.957413
0.0136802 0.0287975 0.957522
0.0149674 0.0408382 0.944194
0.0161076 0.0394607 0.944432
0.00820671 0.0301288 0.961665
0.0199202 0.0531531 0.926927
0.0245242 0.057154 0.918322
0.0141322 0.0279016 0.957966
0.0170718 0.0419917 0.940937
0.0135267 0.0287756 0.957698
0.0209573 0.0483703 0.930672
0.0253754 0.0499677 0.924657
0.0137063 0.037288 0.949006
0.0144355 0.037717 0.947848
0.00527218 0.0277343 0.966993
0.0198114 0.0461842 0.934004
0.0232144 0.0511201 0.925665
0.0088464 0.030142 0.961012
0.291695 0.404095 0.30421
0.0294136 0.0649003 0.905686
0.027251 0.769163 0.203586
0.0284944 0.061128 0.910378
0 0.802147 0.197853
0.329659 0.540782 0.129558
0.178026 0.62717 0.194804
0.486098 0.18716 0.326742
0.00754923 0.029014 0.963437
0.0073455 0.0288648 0.96379
0 0.806368 0.193632
0.495284 0.499774 0.00494228
0.367965 0.567159 0.0648761
0.0109639 0.0351481 0.953888
0.308321 0.420373 0.271306
0.518185 0.180377 0.301438
0.00558979 0.0288823 0.965528
0.0199681 0.0462595 0.933772
0.0220327 0.0493346 0.928633
0.0212716 0.0484108 0.930318
0.0140551 0.0278781 0.958067
0.340403 0.467108 0.192489
0.0225058 0.0533961 0.924098
0.0270458 0.0591489 0.913805
0.0197813 0.0562098 0.924009
0.00499397 0.0275696 0.967436
0.155115 0.153711 0.691174
0.0235005 0.0525507 0.923949
0.0230721 0.0516973 0.925231
0.0919006 0.134209 0.77389
0.0260654 0.0574375 0.916497
0.137983 0.160506 0.70151
0.0159536 0.0420458 0.942001
0.0212891 0.811145 0.167566
0.5369 0.216904 0.246196
0.0312826 0.0705892 0.898128
0.0183251 0.191172 0.790503
0.0233905 0.0503533 0.926256
0.020706 0.0477025 0.931592
0.314591 0.483161 0.202248
0.0196626 0.0455275 0.93481
0.0238393 0.0522111 0.92395
0.011964 0.0301171 0.957919
0.0269913 0.0588827 0.914126
0.028083 0.0610541 0.910863
0.0133245 0.0292588 0.957417
0 0.804506 0.195494
0.0232024 0.0528484 0.923949
0.0212449 0.0485389 0.930216
0.0209603 0.047891 0.931149
0.031208 0.0706114 0.898181
0 0.804738 0.195262
0.0205683 0.0523267 0.927105
0.0241334 0.0548361 0.921031
0.312367 0.523876 0.163757
0.48525 0.51475 0
0.415805 0.584195 0
0.438449 0.514497 0.0470542
0.431266 0.54263 0.0261036
0.0554462 0.103376 0.841178
0.411505 0.513571 0.0749234
0.427008 0.509667 0.0633249
0.180338 0.730122 0.0895404
0.413127 0.528348 0.0585248
0.430445 0.540091 0.0294642
0.405413 0.522854 0.0717326
0.414972 0.516431 0.0685971
0.0257916 0.053693 0.920515
0.0136473 0.0276801 0.958673
0.0264674 0.0580591 0.915473
0.0277675 0.0601937 0.912039
0.0189891 0.0452749 0.935736
0.0105687 0.0336948 0.955737
0.0274677 0.0600044 0.912528
0 0.802131 0.197869
0.660786 0 0.339214
0 0.802283 0.197717
0.176908 0.595874 0.227218
0.00977726 0.0313154 0.958907
0.370829 0.463582 0.165589
0.0112063 0.621067 0.367727
0 0.803459 0.196541
0.531701 0.278814 0.189486
0 0.801113 0.198887
0.0200318 0.0440543 0.935914
0.0163997 0.0424276 0.941173
0.00530597 0.0275643 0.96713
0.0138088 0.0306625 0.955529
0.00510923 0.0282729 0.966618
0.0158143 0.040194 0.943992
0.00500899 0.0280053 0.966986
0.0198487 0.555938 0.424213
0.00513981 0.0284301 0.96643
0.400295 0.521547 0.0781581
0.0278975 0.0608414 0.911261
0.0197667 0.0468799 0.933353
0.0196391 0.046237 0.934124
0.0200097 0.0466052 0.933385
0.0200427 0.0464816 0.933476
0.010157 0.0346213 0.955222
0.0195222 0.0456637 0.934814
0.0198409 0.0453335 0.934826
0.0198731 0.046861 0.933266
0.0124379 0.0389531 0.948609
0.0127263 0.0389088 0.948365
0.0215963 0.0470685 0.931335
0.0205771 0.0470802 0.932343
0.0202401 0.0465045 0.933255
0.0214305 0.050367 0.928202
0.00808522 0.0311098 0.960805
0.0196713 0.0456421 0.934687
0.00547228 0.0338969 0.960631
0.0171268 0.0414598 0.941413
0.464134 0.455131 0.080735
0.0497561 0.0839837 0.86626
0.0134998 0.0279051 0.958595
0.0158566 0.0401939 0.943949
0.0159397 0.0406756 0.943385
0.0210553 0.0476074 0.931337
0.0180318 0.0427208 0.939247
0.0212267 0.0477343 0.931039
0.0208121 0.0470965 0.932091
0.0142974 0.0381526 0.94755
0.0127896 0.0360822 0.951128
0.0213308 0.0477031 0.930966
0.0160078 0.0405406 0.943452
0.425989 0.530361 0.0436505
0.397196 0.507954 0.0948498
0.0271657 0.0594319 0.913402
0.0195779 0.0449269 0.935495
0.0211338 0.0503786 0.928488
0.0263498 0.0577446 0.915906
0.0206834 0.0470355 0.932281
0.015476 0.0400297 0.944494
0.0207698 0.0471816 0.932049
0.018203 0.0435413 0.938256
0.0249588 0.055462 0.919579
0.0232287 0.0519676 0.924804
0.0944284 0.151777 0.753794
0.42725 0.52877 0.0439801
0.483772 0.516228 0
0.0160332 0.0405146 0.943452
0.0175048 0.0423817 0.940113
0.00589312 0.0290179 0.965089
0.0127808 0.0381425 0.949077
0.0238494 0.0522259 0.923925
0.0231866 0.0516276 0.925186
0.0274045 0.0595027 0.913093
0.0233838 0.0523395 0.924277
0.214832 0.651441 0.133727
0.550766 0.122681 0.326553
0.610374 0.3715 0.0181257
0.150401 0.142405 0.707194
0.0188675 0.0443494 0.936783
0.166782 0.655158 0.178059
0.0267231 0.0560024 0.917274
0.0303106 0.0645372 0.905152
0.0271633 0.0593595 0.913477
0.511974 0 0.488026
0.0205083 0.0500028 0.929489
0.0270353 0.0589596 0.914005
0.0194333 0.0452798 0.935287
0.016044 0.0429525 0.941003
0.0282796 0.0619118 0.909809
0.0232168 0.0523888 0.924394
0.0164407 0.0427349 0.940824
0.0194861 0.0454869 0.935027
0.0230539 0.075904 0.901042
0.0193419 0.0452247 0.935433
0.0206705 0.0474329 0.931897
0.0183103 0.0434935 0.938196
0.0191571 0.0477719 0.933071
0.0282771 0.0612 0.910523
0 0.80242 0.19758
0.0107092 0.0326328 0.956658
0.0206963 0.0480323 0.931271
0.0141445 0.0377147 0.948141
0.0203536 0.0473655 0.932281
0.0170693 0.0428179 0.940113
0.0205514 0.0483582 0.93109
0.0513199 0.128605 0.820075
0.0402735 0.0875197 0.872207
0.0216624 0.049788 0.92855
0.0167427 0.0430932 0.940164
0.0235822 0.0534062 0.923012
0.022747 0.0497699 0.927483
0.535158 0.464842 0
0.641412 0.0370674 0.321521
0.0178309 0.0445129 0.937656
0.0266033 0.0586054 0.914791
0.021351 0.0494871 0.929162
0.0136812 0.0376402 0.948679
0.0295379 0.0686519 0.90181
0.0227629 0.0515845 0.925653
0.0274886 0.0600895 0.912422
0.0209098 0.0478841 0.931206
0.0183444 0.0453931 0.936262
0.0901564 0.742015 0.167829
0 0.813742 0.186258
0.0127929 0.0384908 0.948716
0.0289603 0.786292 0.184748
0.020544 0.0497132 0.929743
0.0158873 0.0445799 0.939533
0.0157907 0.0419757 0.942234
0.0260548 0.0567573 0.917188
0.143878 0.136681 0.719441
0.420173 0.533985 0.0458415
0.424861 0.536653 0.0384857
0.0285335 0.0520389 0.919428
0.00703984 0.0292299 0.96373
0.0132094 0.0284129 0.958378
0.0286398 0.0617766 0.909584
0.0260076 0.0566238 0.917369
0.0291161 0.062648 0.908236
0.0285357 0.0757341 0.89573
0.0235611 0.0523296 0.924109
0.033147 0.0519942 0.914859
0.00228783 0.0240426 0.97367
0.51747 0.48253 0
0.527899 0.472101 0
0.400689 0.51588 0.0834307
0.397227 0.52033 0.0824426
0.5267 0.4733 0
0.0230124 0.052583 0.924405
0.0273052 0.052776 0.919919
0.0133552 0.0287503 0.957894
0.0155587 0.0515138 0.932927
0.0128187 0.0273924 0.959789
0.479854 0.416576 0.10357
0.330654 0.369538 0.299808
0.288406 0.66175 0.0498438
0.0944766 0.710842 0.194681
0.0286901 0.397227 0.574083
0.0157538 0.0438852 0.940361
0.022962 0.0515789 0.925459
0 0.802064 0.197936
0.0287702 0.0620601 0.90917
0.0255343 0.0561957 0.91827
0.0297596 0.0653872 0.904853
0.017 0.0452115 0.937788
0.0161382 0.0422662 0.941596
0.00681519 0.0283176 0.964867
0.00480165 0.0274642 0.967734
0.00481348 0.0275714 0.967615
0.0940793 0.109172 0.796748
0.0545469 0.11358 0.831873
0.15749 0.15918 0.683329
0.0136961 0.0378768 0.948427
0.0131729 0.0398443 0.946983
0.0284626 0.0620267 0.909511
0.0203288 0.0538896 0.925782
0.00538816 0.0279317 0.96668
0.196712 0.554744 0.248543
0.0282507 0.0602607 0.911489
0.0114091 0.034303 0.954288
0.013274 0.0273239 0.959402
0.0156411 0.0404333 0.943926
0.0162694 0.0409043 0.942826
0.0158509 0.0404002 0.943749
0.0197735 0.0457272 0.934499
0.653264 0 0.346736
0 0.806316 0.193684
0 0.813087 0.186913
0.0132378 0.0275832 0.959179
0.0262279 0.0566209 0.917151
0.0282619 0.0611172 0.910621
0.513462 0.486538 0
0.0341384 0.0750097 0.890852
0.5283 0.4717 0
0.392231 0.157046 0.450722
0.400791 0.515262 0.0839473
0.0133828 0.0275491 0.959068
0.0134715 0.0285785 0.95795
0.017283 0.0451694 0.937548
0.017402 0.0423446 0.940253
0.0201143 0.0480128 0.931873
0.0202228 0.0481813 0.931596
0.0202743 0.048238 0.931488
0.371296 0.542076 0.0866285
0.624323 0.326551 0.0491264
0.628084 0.322415 0.0495016
0.0144295 0.0379979 0.947573
0.396212 0.519562 0.0842265
0.526762 0.473238 0
0.0228331 0.0515592 0.925608
0.485611 0.420074 0.0943151
0.0226923 0.0515055 0.925802
0.439484 0.315368 0.245148
0.380501 0.521567 0.0979315
0.177861 0.664107 0.158032
0.180637 0.661279 0.158084
0.0340461 0.0630626 0.902891
0.382522 0.52363 0.0938474
0.3816 0.523379 0.0950202
0.484274 0.483855 0.0318712
0.337576 0.564387 0.098037
0.415066 0.413277 0.171658
0.0132732 0.0276569 0.95907
0.0230179 0.0517018 0.92528
0.461964 0.446373 0.0916636
0.223584 0.588215 0.188202
0.323835 0.57451 0.101656
0.0115293 0.0342259 0.954245
0.0188322 0.0457269 0.935441
0.0289816 0.0674832 0.903535
0.0287672 0.0644375 0.906795
0.321983 0.572905 0.105112
0.342861 0.500897 0.156242
0.178922 0.669407 0.151671
0.203484 0.658207 0.138309
0.0178593 0.044545 0.937596
0.0170287 0.0418776 0.941094
0.0169637 0.0413053 0.941731
0.0234025 0.052555 0.924043
0.0146482 0.0333377 0.952014
0.014894 0.0418892 0.943217
0.218181 0.675391 0.106428
0.0199718 0.0460859 0.933942
0.0282322 0.0631864 0.908581
0.366616 0.423297 0.210087
0.324784 0.540459 0.134757
0.27355 0.413684 0.312766
0.501698 0.425012 0.0732901
0.496623 0.415954 0.0874226
0.176626 0.681521 0.141853
0.183069 0.682691 0.134241
0.0218462 0.0497203 0.928433
0.0172668 0.0492007 0.933533
0.0207155 0.0472612 0.932023
0.00930911 0.0310978 0.959593
0.0180242 0.0441168 0.937859
0.00883729 0.0302755 0.960887
0.0155118 0.0407399 0.943748
0.045968 0.725749 0.228283
0.483496 0.193748 0.322756
0.290463 0.414246 0.295292
0.0287479 0.0607228 0.910529
0.355642 0.105409 0.538948
0.466579 0.179423 0.353998
0.162697 0.157666 0.679637
0.0172271 0.0420175 0.940755
0.0141542 0.0407157 0.94513
0.0170017 0.0417427 0.941256
0 0.804065 0.195935
0.0164103 0.342483 0.641107
0.1869 0.559237 0.253863
0.0354759 0.759102 0.205422
0.521879 0.128131 0.349991
0 0.801515 0.198485
0 0.80181 0.19819
0 0.812963 0.187037
0.542713 0.457287 0
0.445326 0.402202 0.152472
0.409364 0.41654 0.174096
0.438022 0.386699 0.175279
0.526968 0.46593 0.00710176
0.309892 0.585772 0.104337
0.408176 0.488228 0.103596
0.193194 0.672229 0.134577
0.00612008 0.028996 0.964884
0.0127656 0.038852 0.948382
0.0128496 0.0390801 0.94807
0.0161147 0.0409655 0.94292
0.16146 0.160328 0.678213
0.00605116 0.0287962 0.965153
0.0162221 0.0408569 0.942921
0.0181788 0.0443314 0.93749
0.0334916 0.0725693 0.893939
0.43463 0.533789 0.0315811
0.0159186 0.0403747 0.943707
0.0559264 0.584105 0.359969
0.0493999 0.0941106 0.856489
0.0184503 0.0458007 0.935749
0.0278956 0.0601229 0.911981
0.0307901 0.0616413 0.907569
0.647831 0 0.352169
0 0.799236 0.200764
0.474264 0.185534 0.340202
0.435276 0.248581 0.316143
0.160846 0.621129 0.218025
0.650918 0 0.349082
0.0282712 0.0607611 0.910968
0.349537 0.596153 0.0543097
0.622699 0.320498 0.0568031
0.269906 0.38439 0.345704
0.18937 0.544127 0.266504
0 0.802246 0.197754
0.647379 0 0.352621
0.458078 0.194798 0.347124
0.458279 0.195078 0.346643
0.0136959 0.0433903 0.942914
0.440357 0.276758 0.282884
0.32966 0.150206 0.520134
0.336855 0.438057 0.225088
0.196793 0.555099 0.248108
0 0.803314 0.196686
0 0.804038 0.195962
0.47405 0.182854 0.343095
0.398658 0.509904 0.0914384
0.162402 0.102115 0.735483
0.0516225 0.135351 0.813026
0.00829598 0.0296166 0.962087
0.247086 0.34408 0.408834
0 0.761998 0.238002
0.0143523 0.0406183 0.945029
0.261623 0.442414 0.295962
0.460311 0.157854 0.381835
0.196662 0.555078 0.24826
0.647858 0 0.352142
0.164892 0.161012 0.674096
0.0133544 0.0397972 0.946848
0.022531 0.0508034 0.926666
0.0279717 0.0620578 0.90997
0.0283165 0.0618736 0.90981
0.0169808 0.0416375 0.941382
0.017645 0.721435 0.26092
0.0282964 0.074349 0.897355
0.0281782 0.0627012 0.909121
0.0249229 0.0664421 0.908635
0.0131552 0.0396512 0.947194
0.0230752 0.0520067 0.924918
0.0199398 0.0462058 0.933854
0.0310166 0.0707629 0.898221
0.0288901 0.061793 0.909317
0.174421 0.167046 0.658533
0.188485 0.0982109 0.713304
0.0887811 0.600478 0.310741
0.204157 0.139417 0.656425
0.0300756 0.061605 0.908319
0.0256271 0.255133 0.71924
0 0.788686 0.211314
0.030666 0.0676275 0.901706
0.0340738 0.189242 0.776685
0.016187 0.0412446 0.942568
0.222131 0.435208 0.342661
0.0202922 0.0464304 0.933277
0.0783153 0.119947 0.801737
0.00985254 0.0316392 0.958508
0.0944703 0.10861 0.79692
0.0923611 0.106432 0.801207
0.0239169 0.0528946 0.923189
0.0141983 0.0417124 0.944089
0.207521 0.52357 0.26891
0.0192937 0.047414 0.933292
0.0106288 0.0332909 0.95608
