1 0.0218182 0.0524751 0.925707 
2 0.0279422 0.0640206 0.908037 
4 0.0209262 0.0513957 0.927678 
6 0.0124147 0.0378428 0.949742 
8 0.0221879 0.0532244 0.924588 
9 0.0418288 0.0655978 0.892573 
10 0.0241527 0.0541666 0.921681 
16 0.0248737 0.0536532 0.921473 
17 0.0626269 0.0603875 0.876986 
18 0.0210507 0.0537129 0.925236 
20 0.0212241 0.0536978 0.925078 
21 0.0261526 0.0774442 0.896403 
22 0.0261088 0.0601104 0.913781 
23 0.0214156 0.0555122 0.923072 
26 0.02198 0.0526989 0.925321 
31 0.0258833 0.0598918 0.914225 
36 0.0279986 0.0535467 0.918455 
39 0.0294075 0.0663962 0.904196 
40 0.0378019 0.0656204 0.896578 
43 0.0305483 0.0575531 0.911899 
44 0.0247131 0.0582055 0.917081 
45 0.025859 0.059642 0.914499 
46 0.267538 0.555052 0.177411 
49 0.0268453 0.0644091 0.908746 
51 0.0248001 0.0587491 0.916451 
52 0.0228377 0.0578787 0.919284 
54 0.0217065 0.0565273 0.921766 
55 0.0252428 0.0574347 0.917322 
56 0.0224291 0.0541886 0.923382 
57 0.0257599 0.062074 0.912166 
58 0.0271759 0.0532476 0.919577 
59 0.0290668 0.065643 0.90529 
60 0.0352659 0.0706912 0.894043 
61 0.0298831 0.0691591 0.900958 
62 0.0281317 0.0634269 0.908441 
62.1 0.0251753 0.06379 0.911035 
63 0.0287359 0.0680411 0.903223 
64 0.0277638 0.0636034 0.908633 
65 0.0301698 0.0702449 0.899585 
68 0.0285537 0.0689509 0.902495 
70 0.639486 0.0392886 0.321226 
71 0.0237359 0.0555284 0.920736 
72 0.267477 0.554383 0.17814 
73 0.176566 0.267323 0.55611 
74 0.653908 0 0.346092 
75 0.654644 0 0.345356 
76 0.167911 0.632669 0.19942 
77 0.566127 0.303503 0.13037 
78 0 0.793343 0.206657 
79 0.386163 0.477719 0.136117 
80 0.328736 0.671264 0 
81 0.36353 0.555649 0.080821 
82 0.542671 0.212124 0.245205 
83 0.379298 0.501796 0.118906 
84 0.374062 0.518818 0.10712 
85 0.102474 0.683972 0.213553 
86 0.549419 0.299736 0.150845 
87 0.633311 0.31275 0.0539388 
88 0.102378 0.683869 0.213753 
89 0.552977 0.28902 0.158002 
90 0.550631 0.293012 0.156357 
91 0.477109 0.176792 0.346099 
92 0.176979 0.591591 0.231429 
93 0 0.791511 0.208489 
94 0.227842 0.595693 0.176464 
95 0.177332 0.594186 0.228482 
96 0 0.792138 0.207862 
97 0 0.79398 0.20602 
99 0.0272601 0.27516 0.69758 
100 0.107259 0.0159188 0.876822 
104 0.0275532 0.108033 0.864414 
107 0.0848514 0.548619 0.36653 
108 0 0.777094 0.222906 
109 0.0317804 0.291229 0.67699 
110 0.091481 0.0831625 0.825357 
111 0 0.372829 0.627171 
113 0.139436 0.454279 0.406285 
118 0.329453 0.0433502 0.627197 
121 0.0807557 0.227002 0.692243 
122 0.131353 0.651872 0.216775 
124 0.214518 0.586554 0.198928 
125 0.104312 0.0977344 0.797954 
126 0.0498213 0.0911028 0.859076 
128 0.0217194 0.0535127 0.924768 
135 0.02295 0.0546982 0.922352 
138 0.0187495 0.0498768 0.931374 
140 0.0115257 0.0356034 0.952871 
141 0.0108066 0.0339292 0.955264 
142 0.0232051 0.0560763 0.920719 
143 0.00654901 0.0287508 0.9647 
147 0.0114784 0.0355671 0.952954 
151 0.0145904 0.0429991 0.94241 
152 0.00665358 0.0356393 0.957707 
154 0.0249406 0.0580142 0.917045 
155 0.0267755 0.06161 0.911614 
158 0.0158538 0.0431758 0.94097 
159 0.0873613 0.124535 0.788103 
161 0.0117972 0.0361586 0.952044 
162 0.0158913 0.0425635 0.941545 
166 0.0229417 0.0544617 0.922597 
167 0.537698 0.292316 0.169986 
171 0.0232965 0.0523178 0.924386 
176 0.163248 0.600838 0.235914 
177 0.0190001 0.695931 0.285069 
179 0.00583889 0.0278234 0.966338 
181 0 0.785841 0.214159 
182 0 0.792157 0.207843 
183 0.0093485 0.47123 0.519422 
185 0.292312 0.382946 0.324742 
186 0.0389799 0.0771081 0.883912 
187 0.480263 0.327476 0.192261 
188 0.0146594 0.131252 0.854089 
190 0.0860279 0.0903028 0.823669 
192 0.274318 0.348883 0.3768 
195 0.022506 0.0542175 0.923276 
196 0.247777 0.153798 0.598425 
197 0.566613 0.314096 0.11929 
198 0.520392 0.276739 0.202869 
199 0.516876 0.325295 0.15783 
200 0.000252964 0.79837 0.201377 
201 0 0.659022 0.340978 
202 0.364061 0.556987 0.0789516 
205 0.36821 0.585379 0.0464111 
206 0.393297 0.572209 0.0344938 
207 0.407907 0.570524 0.0215691 
208 0.221539 0.508359 0.270102 
209 0.151673 0.378003 0.470323 
210 0.285524 0.600497 0.113979 
211 0.329087 0.52633 0.144584 
212 0.499931 0.423723 0.0763464 
213 0.509214 0.427726 0.0630606 
214 0.440977 0.279137 0.279886 
215 0.266976 0.197492 0.535532 
216 0.529646 0.427813 0.0425414 
217 0.348054 0.27943 0.372516 
218 0.486874 0.371358 0.141768 
219 0.444835 0.431359 0.123806 
220 0.45088 0.376948 0.172172 
221 0.468232 0.278976 0.252792 
222 0.476099 0.292369 0.231532 
223 0.223156 0.16327 0.613575 
224 0.455667 0.261378 0.282954 
225 0.435876 0.249969 0.314155 
226 0.468308 0.264224 0.267468 
227 0.170853 0.414015 0.415132 
228 0.408863 0.510453 0.0806844 
229 0.542524 0.457476 0 
230 0.464581 0.288773 0.246646 
231 0.451161 0.514963 0.0338763 
232 0.543892 0.211441 0.244667 
234 0.406638 0.51179 0.0815729 
235 0.639325 0.209405 0.151269 
238 0 0.803519 0.196481 
241 0.381752 0.559297 0.0589504 
243 0.00648004 0.0282693 0.965251 
244 0.0107827 0.0897273 0.89949 
341 0.062787 0.578258 0.358955 
350 0.0153989 0.04223 0.942371 
356 0.439708 0.560292 0 
357 0.0292702 0.759477 0.211253 
358 0.0292124 0.758767 0.212021 
360 0.437475 0.562525 0 
361 0.213536 0.647446 0.139018 
371 0.0229478 0.0545156 0.922537 
372 0.0224606 0.0537298 0.92381 
373 0.0196153 0.0485343 0.93185 
377 0.0140039 0.0394042 0.946592 
385 0.45129 0.54871 0 
388 0.0296693 0.0478923 0.922438 
392 0.0492215 0.0932098 0.857569 
407 0.0213502 0.0500835 0.928566 
408 0.0373507 0.0754985 0.887151 
411 0.015601 0.041388 0.943011 
416 0.0157414 0.0353644 0.948894 
417 0.0178714 0.0460607 0.936068 
426 0.00639906 0.0286494 0.964952 
430 0 0.793494 0.206506 
431 0 0.792063 0.207937 
444 0.0293352 0.0642077 0.906457 
463 0.0581544 0.108263 0.833582 
464 0.657146 0 0.342854 
469 0.0189946 0.037236 0.943769 
476 0.021234 0.0507759 0.92799 
478 0.49458 0.50542 0 
479 0.657912 0 0.342088 
482 0.0542532 0.778678 0.167069 
489 0.468372 0.531628 0 
490 0.466139 0.533861 0 
491 0.61553 0.31986 0.0646095 
492 0.0168119 0.0438626 0.939326 
502 0.014702 0.0426864 0.942612 
505 0.397731 0.489083 0.113186 
523 0.0177875 0.0518291 0.930383 
524 0.0143626 0.0400133 0.945624 
525 0.405106 0.507757 0.0871369 
538 0.0193288 0.0449515 0.93572 
539 0.0270765 0.0615065 0.911417 
541 0.0219289 0.0542521 0.923819 
543 0.0167636 0.0487905 0.934446 
546 0.526314 0.129203 0.344483 
548 0.0139004 0.0309636 0.955136 
551 0.0143283 0.0304569 0.955215 
559 0.0160312 0.0421677 0.941801 
563 0.0156393 0.0416757 0.942685 
566 0.00925019 0.032151 0.958599 
568 0.0212714 0.0569615 0.921767 
570 0.0134758 0.0289854 0.957539 
571 0.0145969 0.0299212 0.955482 
573 0.0164716 0.0439589 0.939569 
575 0.0141527 0.0303346 0.955513 
576 0.0214857 0.0512064 0.927308 
580 0.297761 0.400539 0.3017 
582 0.0139244 0.0392742 0.946801 
585 0.0145916 0.0398048 0.945604 
587 0.0063612 0.0283463 0.965292 
597 0.020377 0.0485419 0.931081 
601 0.0238347 0.0539661 0.922199 
608 0.009646 0.0320247 0.958329 
609 0.298315 0.401113 0.300572 
610 0.0201274 0.0493071 0.930565 
619 0.0273268 0.758131 0.214542 
620 0 0.793211 0.206789 
621 0 0.798024 0.201976 
667 0.335984 0.53735 0.126666 
671 0.185546 0.613932 0.200522 
672 0.492641 0.182479 0.32488 
677 0.00864179 0.0309085 0.96045 
678 0.00833163 0.0305576 0.961111 
684 0 0.795852 0.204148 
694 0.50113 0.494778 0.00409205 
695 0.37039 0.558632 0.0709773 
696 0.0118298 0.0369895 0.951181 
731 0.311252 0.416179 0.272569 
739 0.524606 0.176091 0.299303 
744 0.00704331 0.029526 0.963431 
745 0.0201751 0.0489798 0.930845 
746 0.0221695 0.0522973 0.925533 
747 0.0209182 0.0503714 0.92871 
752 0.0148949 0.0295871 0.955518 
754 0.340808 0.459688 0.199504 
758 0.0222729 0.0549404 0.922787 
759 0.0262839 0.0607533 0.912963 
768 0.0206172 0.0592223 0.920161 
776 0.00630595 0.0281591 0.965535 
777 0.143816 0.142874 0.713309 
783 0.0230367 0.0544106 0.922553 
794 0.0225819 0.0534812 0.923937 
796 0.0965074 0.137735 0.765758 
797 0.0257152 0.0594659 0.914819 
807 0.145594 0.161981 0.692425 
814 0.0172938 0.0437256 0.938981 
816 0.0237311 0.803312 0.172957 
820 0.0168479 0.0444409 0.938711 
826 0.0363447 0.0805344 0.883121 
827 0.0202223 0.193527 0.786251 
844 0.0240841 0.0534755 0.92244 
845 0.0207464 0.0501712 0.929082 
851 0.317489 0.478997 0.203514 
854 0.0199285 0.0480656 0.932006 
894 0.0237797 0.0550384 0.921182 
906 0.0142211 0.0315033 0.954276 
911 0.0265622 0.0608093 0.912628 
925 0.0277904 0.063537 0.908673 
929 0.0140254 0.0310428 0.954932 
930 0.0247474 0.0575962 0.917656 
931 0.022769 0.0544466 0.922784 
935 0.0209947 0.0511316 0.927874 
951 0.0212894 0.0504065 0.928304 
956 0.0362488 0.0806177 0.883134 
970 0.00668724 0.0288356 0.964477 
971 0.0225145 0.0540584 0.923427 
974 0.0235143 0.0560231 0.920463 
975 0.308443 0.516228 0.175329 
995 0.491229 0.508771 0 
996 0.41918 0.58082 0 
1006 0.438317 0.507317 0.0543666 
1026 0.434497 0.532826 0.0326765 
1063 0.0587384 0.106759 0.834502 
1064 0.415424 0.504766 0.0798098 
1151 0.428309 0.507868 0.0638226 
1187 0.183432 0.721628 0.0949392 
1228 0.416235 0.517682 0.0660833 
1245 0.433167 0.530366 0.0364664 
1315 0.405627 0.512952 0.0814206 
1337 0.418069 0.506982 0.0749491 
1363 0.0269199 0.0568199 0.91626 
1368 0.0141526 0.029392 0.956455 
1369 0.0262618 0.0602724 0.913466 
1384 0.0275438 0.0625121 0.909944 
1393 0.0196641 0.0485721 0.931764 
1400 0.0159652 0.0422835 0.941751 
1401 0.0271562 0.0621949 0.910649 
1406 0 0.795363 0.204637 
1407 0.663615 0 0.336385 
1408 0 0.794976 0.205024 
1409 0.181928 0.588221 0.229851 
1410 0.228044 0.680831 0.0911249 
1411 0.37861 0.453962 0.167428 
1412 0.0131212 0.617431 0.369448 
1413 0 0.792121 0.207879 
1414 0.535242 0.276848 0.18791 
1415 0 0.790505 0.209495 
1416 0.0194629 0.0464688 0.934068 
1417 0.0170154 0.0438606 0.939124 
1424 0.00673195 0.0281247 0.965143 
1425 0.0165008 0.0315916 0.951908 
1426 0.00636557 0.0288 0.964834 
1427 0.0153203 0.042317 0.942363 
1429 0.00630072 0.0285917 0.965108 
1431 0.0215237 0.552976 0.4255 
1441 0.00658194 0.0288107 0.964607 
1444 0.402484 0.507583 0.089933 
1449 0.0275782 0.0633725 0.909049 
1466 0.020276 0.0496198 0.930104 
1467 0.019916 0.0487421 0.931342 
1468 0.0202726 0.0489518 0.930776 
1469 0.0201918 0.0490269 0.930781 
1470 0.0202647 0.0488954 0.93084 
1471 0.0198356 0.0480943 0.93207 
1472 0.0200592 0.0478227 0.932118 
1473 0.0201446 0.0494095 0.930446 
1474 0.0135604 0.0403622 0.946077 
1477 0.0136811 0.0403136 0.946005 
1495 0.0211067 0.0492496 0.929644 
1496 0.020307 0.0488978 0.930795 
1497 0.019845 0.0482976 0.931857 
1498 0.0211683 0.0523878 0.926444 
1510 0.00918146 0.0326961 0.958122 
1515 0.0194193 0.0478341 0.932747 
1520 0.0269448 0.0622586 0.910797 
1521 0.0167675 0.0435633 0.939669 
1529 0.468588 0.449065 0.0823473 
1530 0.0512081 0.0876243 0.861168 
1548 0.01408 0.0294785 0.956441 
1553 0.0154369 0.042368 0.942195 
1554 0.0153915 0.0427464 0.941862 
1555 0.0206709 0.0500226 0.929306 
1556 0.017589 0.045131 0.93728 
1557 0.0206782 0.05039 0.928932 
1558 0.0202541 0.0497467 0.929999 
1572 0.0138834 0.0400778 0.946039 
1573 0.0124718 0.0378885 0.94964 
1591 0.0212732 0.0503249 0.928402 
1592 0.0154252 0.0425816 0.941993 
1603 0.427571 0.520768 0.051661 
1606 0.397327 0.497766 0.104907 
1645 0.0264973 0.0610183 0.912484 
1646 0.0192189 0.046845 0.933936 
1647 0.0208094 0.0519972 0.927193 
1648 0.0258544 0.0597105 0.914435 
1649 0.0207196 0.049473 0.929807 
1650 0.0157251 0.042236 0.942039 
1651 0.0207477 0.0496212 0.929631 
1656 0.0191924 0.0451922 0.935615 
1659 0.0247429 0.0577583 0.917499 
1660 0.137795 0.221725 0.640481 
1673 0.106711 0.148546 0.744743 
1681 0.430465 0.517846 0.0516897 
1765 0.488307 0.509803 0.0018897 
1766 0.0155024 0.0426575 0.94184 
2258 0.0178283 0.0449048 0.937267 
2265 0.00740035 0.0296046 0.962995 
2307 0.013528 0.0396925 0.94678 
2321 0.023532 0.0546145 0.921853 
2322 0.0229627 0.0540704 0.922967 
2395 0.02694 0.0615407 0.911519 
2396 0.0234947 0.0552392 0.921266 
2397 0.218899 0.642372 0.138729 
2401 0.555065 0.120721 0.324215 
2402 0.617355 0.366985 0.0156605 
2403 0.139591 0.131952 0.728458 
2423 0.019708 0.047942 0.93235 
2432 0.174375 0.638923 0.186702 
2433 0.0286211 0.0590415 0.912337 
2439 0.0312538 0.0662147 0.902532 
2440 0.0264247 0.0607058 0.912869 
2449 0.513118 0 0.486882 
2450 0.0214337 0.0526053 0.925961 
2457 0.0268308 0.0614028 0.911766 
2458 0.0203031 0.0487409 0.930956 
2473 0.0165611 0.0444384 0.939001 
2479 0.0281191 0.0643688 0.907512 
2480 0.0232447 0.0550026 0.921753 
2483 0.0171694 0.0440159 0.938815 
2486 0.0190868 0.0473905 0.933523 
2489 0.0244655 0.0797329 0.895802 
2491 0.0190984 0.0473367 0.933565 
2492 0.0204378 0.0495913 0.929971 
2508 0.0191629 0.0457782 0.935059 
2513 0.0193305 0.0498906 0.930779 
2515 0.0282258 0.0634586 0.908316 
2517 0 0.793732 0.206268 
2521 0.0113476 0.0348833 0.953769 
2529 0.0203744 0.0501654 0.92946 
2559 0.0148706 0.0394212 0.945708 
2560 0.0205466 0.0493202 0.930133 
2568 0.0173398 0.0442156 0.938445 
2572 0.0213504 0.0518068 0.926843 
2577 0.0558172 0.132901 0.811282 
2578 0.0430299 0.0839788 0.872991 
2579 0.021927 0.052633 0.92544 
2580 0.0169695 0.0449036 0.938127 
2581 0.0230784 0.0548348 0.922087 
2582 0.0230487 0.0528252 0.924126 
2587 0.539408 0.460592 0 
2592 0.64071 0.0397469 0.319543 
2597 0.0181746 0.0462199 0.935606 
2599 0.0258467 0.0600936 0.91406 
2600 0.15236 0.152894 0.694746 
2605 0.0140764 0.0398761 0.946048 
2629 0.0334124 0.0742535 0.892334 
2644 0.0235216 0.0539877 0.922491 
2666 0.0272258 0.0623541 0.91042 
2670 0.0213908 0.0508145 0.927795 
2675 0.0186879 0.0471722 0.93414 
2683 0.099429 0.732321 0.16825 
2688 0 0.805406 0.194594 
2693 0.0138285 0.0397181 0.946453 
2695 0.0332014 0.779392 0.187407 
2701 0.0221795 0.05303 0.92479 
2702 0.017078 0.0459205 0.937002 
2703 0.017102 0.0431922 0.939706 
2726 0.026025 0.0593503 0.914625 
2729 0.1333 0.124769 0.741931 
2733 0.42346 0.524 0.05254 
2737 0.428068 0.525714 0.0462181 
2739 0.0306144 0.0546912 0.914694 
2741 0.00837306 0.0307962 0.960831 
2742 0.0138854 0.0301059 0.956009 
2745 0.0285868 0.0642531 0.90716 
2746 0.0259246 0.0594405 0.914635 
2748 0.0290019 0.0651531 0.905845 
2752 0.0287277 0.0794846 0.891788 
2753 0.0230807 0.0543427 0.922577 
2754 0.0358475 0.0548063 0.909346 
2775 0.0039617 0.0244231 0.971615 
2776 0.520624 0.479376 0 
2777 0.531073 0.468927 0 
2778 0.409241 0.498953 0.0918061 
2779 0.404612 0.507346 0.0880415 
2780 0.529744 0.470256 0 
2786 0.0231909 0.0547954 0.922014 
2789 0.0279525 0.0555894 0.916458 
2790 0.0139185 0.0305401 0.955541 
2791 0.0190106 0.0540869 0.926903 
2797 0.0136365 0.0288748 0.957489 
2798 0.487627 0.407749 0.104624 
2804 0.341724 0.363405 0.294871 
2808 0.291092 0.651964 0.0569441 
2809 0.103431 0.703383 0.193186 
2826 0.0304436 0.39637 0.573186 
2827 0.016416 0.0454288 0.938155 
2833 0.023406 0.0538839 0.92271 
2855 0 0.793285 0.206715 
2864 0.0290422 0.0649694 0.905988 
2866 0.0254254 0.0586274 0.915947 
2873 0.0301332 0.0677645 0.902102 
2875 0.01741 0.0473803 0.93521 
2878 0.0168276 0.0442827 0.93889 
2885 0.00779486 0.0298453 0.96236 
2886 0.00614894 0.0279691 0.965882 
2887 0.00606923 0.0281526 0.965778 
2888 0.0941967 0.107608 0.798195 
2889 0.0555799 0.109578 0.834842 
2890 0.150415 0.149081 0.700503 
2897 0.0146223 0.0389148 0.946463 
2898 0.0145874 0.0409744 0.944438 
2904 0.0284939 0.0651356 0.90637 
2904.1 0.0221841 0.055993 0.921823 
2907 0.00666228 0.0286638 0.964674 
2908 0.19971 0.552629 0.247661 
2913 0.0280851 0.062544 0.909371 
2927 0.0115639 0.0362602 0.952176 
2931 0.013403 0.0294419 0.957155 
2932 0.0151222 0.0424541 0.942424 
2933 0.0156702 0.0430006 0.941329 
2934 0.015338 0.0425425 0.942119 
2935 0.0194268 0.0474741 0.933099 
2945 0.657917 0 0.342083 
2947 0 0.799983 0.200017 
2948 0 0.807484 0.192516 
2956 0.0136872 0.0291313 0.957181 
2965 0.026252 0.0592571 0.914491 
2966 0.0280213 0.0635511 0.908428 
2967 0.516845 0.483155 0 
2972 0.0345545 0.078705 0.88674 
2974 0.531856 0.468144 0 
2976 0.390993 0.153925 0.455082 
2979 0.409097 0.498006 0.0928967 
2980 0.0140619 0.029203 0.956735 
2981 0.0141073 0.0303185 0.955574 
2991 0.0183717 0.0466066 0.935022 
2995 0.0167857 0.0444596 0.938755 
2999 0.0197297 0.0497443 0.930526 
3000 0.0199383 0.0497365 0.930325 
3001 0.0198124 0.0500716 0.930116 
3020 0.372246 0.54052 0.0872341 
3021 0.62626 0.323832 0.0499075 
3022 0.629715 0.31741 0.0528744 
3024 0.0145584 0.040333 0.945109 
3025 0.403442 0.506708 0.0898504 
3026 0.529941 0.470059 0 
3027 0.0229662 0.0538184 0.923215 
3028 0.493788 0.410419 0.0957929 
3029 0.0231231 0.0541503 0.922727 
3030 0.44266 0.314728 0.242612 
3031 0.385374 0.50426 0.110366 
3032 0.1908 0.645999 0.163201 
3033 0.194474 0.644626 0.1609 
3034 0.0386808 0.0687705 0.892549 
3035 0.387408 0.506656 0.105936 
3036 0.38642 0.505407 0.108174 
3037 0.488373 0.467128 0.0444984 
3038 0.340166 0.548412 0.111422 
3039 0.418114 0.406475 0.175411 
3041 0.013913 0.0295597 0.956527 
3047 0.0226056 0.053902 0.923492 
3048 0.469678 0.436203 0.0941191 
3051 0.225795 0.580696 0.193509 
3052 0.327666 0.562344 0.10999 
3053 0.0121949 0.0354258 0.952379 
3056 0.0191548 0.0478642 0.932981 
3057 0.0286492 0.0706769 0.900674 
3072 0.0288135 0.0670742 0.904112 
3076 0.32541 0.559777 0.114813 
3077 0.342911 0.490006 0.167084 
3078 0.186823 0.661174 0.152003 
3080 0.210362 0.65128 0.138358 
3090 0.0176 0.0471449 0.935255 
3091 0.0167864 0.0440231 0.939191 
3092 0.0162468 0.0434847 0.940268 
3096 0.0228469 0.0546312 0.922522 
3104 0.0153602 0.0355739 0.949066 
3108 0.0169387 0.0430287 0.940033 
3114 0.224343 0.668077 0.10758 
3115 0.0205323 0.048566 0.930902 
3120 0.0282186 0.0654465 0.906335 
3121 0.367329 0.425738 0.206933 
3122 0.33177 0.532043 0.136187 
3123 0.277146 0.413689 0.309165 
3124 0.504582 0.425749 0.0696687 
3125 0.495608 0.420611 0.0837808 
3126 0.186024 0.674125 0.139851 
3127 0.189779 0.675722 0.1345 
3129 0.0213988 0.051857 0.926744 
3133 0.0183338 0.0525706 0.929096 
3134 0.0204239 0.0490332 0.930543 
3141 0.0101527 0.0333344 0.956513 
3146 0.017777 0.0460578 0.936165 
3239 0.00968862 0.0325201 0.957791 
3255 0.0160896 0.0433766 0.940534 
3264 0.0430194 0.725532 0.231449 
3265 0.489424 0.190025 0.320551 
3266 0.297467 0.405005 0.297528 
3267 0.028754 0.0630753 0.908171 
3284 0.357167 0.107023 0.53581 
3290 0.4691 0.173194 0.357706 
3298 0.150873 0.144456 0.704671 
3302 0.0167213 0.0441307 0.939148 
3303 0.01505 0.0417545 0.943196 
3307 0.0164494 0.0436839 0.939867 
3311 0 0.795556 0.204444 
3312 0.016168 0.339459 0.644373 
3313 0.192541 0.556235 0.251224 
3314 0.0384268 0.744593 0.21698 
3315 0.526532 0.129385 0.344084 
3318 0 0.793552 0.206448 
3319 0 0.792909 0.207091 
3324 0 0.805941 0.194059 
3325 0.544271 0.455729 0 
3326 0.453206 0.394164 0.15263 
3331 0.409082 0.418115 0.172803 
3332 0.445493 0.377944 0.176563 
3333 0.528561 0.462461 0.00897761 
3334 0.310761 0.579599 0.10964 
3338 0.418941 0.481311 0.099748 
3339 0.201313 0.661538 0.137149 
3344 0.0072967 0.0297641 0.962939 
3354 0.0136522 0.040371 0.945977 
3358 0.0138826 0.0406345 0.945483 
3378 0.015605 0.0428952 0.9415 
3379 0.149994 0.148165 0.70184 
3396 0.00723007 0.0295206 0.963249 
3398 0.016272 0.0428549 0.940873 
3400 0.0181634 0.0464945 0.935342 
3401 0.0343103 0.0756556 0.890034 
3406 0.438672 0.523903 0.0374245 
3407 0.0154728 0.0425165 0.942011 
3410 0.0251639 0.0595924 0.915244 
3411 0.0510972 0.0979658 0.850937 
3414 0.0183972 0.0479959 0.933607 
3431 0.0275123 0.0623247 0.910163 
3444 0.0310117 0.0645424 0.904446 
3445 0.650793 0 0.349207 
3447 0 0.79069 0.20931 
3448 0.480325 0.183741 0.335934 
3449 0.442163 0.251101 0.306737 
3451 0.168424 0.61192 0.219656 
3452 0.653162 0 0.346838 
3453 0.027951 0.0631068 0.908942 
3454 0.356227 0.586115 0.0576579 
3455 0.626715 0.318406 0.0548787 
3456 0.278142 0.38146 0.340398 
3457 0.197375 0.538286 0.264339 
3458 0 0.794996 0.205004 
3460 0.652641 0 0.347359 
3461 0.458889 0.193933 0.347178 
3462 0.459209 0.193085 0.347706 
3466 0.0200154 0.0533999 0.926585 
3467 0.447406 0.275573 0.277021 
3468 0.330695 0.148083 0.521223 
3469 0.338657 0.434647 0.226696 
3470 0.199808 0.55356 0.246631 
3471 0 0.795225 0.204775 
3472 0 0.796886 0.203114 
3486 0.4782 0.177771 0.344029 
3487 0.404787 0.505777 0.0894357 
3502 0.163974 0.102492 0.733534 
3504 0.0530533 0.139617 0.80733 
3506 0.0092979 0.0321238 0.958578 
3519 0.254058 0.339395 0.406547 
3536 0 0.748399 0.251601 
3537 0.0152494 0.0417936 0.942957 
3557 0.266763 0.437923 0.295314 
3562 0.46618 0.15404 0.37978 
3612 0.199479 0.553611 0.24691 
3630 0.651098 0 0.348902 
3662 0.158316 0.150418 0.691267 
3716 0.0146403 0.0413984 0.943961 
3719 0.0222785 0.0534249 0.924297 
3721 0.0278949 0.0647839 0.907321 
3722 0.0280698 0.0646613 0.907269 
3724 0.0164668 0.0437955 0.939738 
3725 0.0195428 0.713481 0.266976 
3735 0.0278357 0.0784511 0.893713 
3772 0.0279305 0.0655188 0.906551 
3775 0.0253499 0.0693855 0.905265 
3776 0.0145273 0.0408611 0.944612 
3788 0.0239653 0.0545347 0.9215 
3792 0.0200009 0.0489339 0.931065 
3816 0.0313024 0.0741833 0.894514 
3817 0.0291638 0.0642736 0.906563 
3820 0.178495 0.166884 0.65462 
3821 0.191382 0.101129 0.707489 
3832 0.0924928 0.586034 0.321473 
3833 0.208898 0.139103 0.651999 
3834 0.0305086 0.0644391 0.905052 
3835 0.0276652 0.250757 0.721578 
3836 0 0.77781 0.22219 
3837 0.0306466 0.0708697 0.898484 
3838 0.0351144 0.18972 0.775166 
3853 0.0171431 0.0434049 0.939452 
3867 0.22727 0.4274 0.34533 
3870 0.020358 0.0491112 0.930531 
3872 0.0806025 0.122431 0.796967 
3877 0.0107541 0.0334808 0.955765 
3961 0.0924911 0.105005 0.802504 
3963 0.0905201 0.102352 0.807128 
3964 0.0243096 0.0555637 0.920127 
3966 0.0153045 0.0435496 0.941146 
3968 0.212759 0.514257 0.272984 
4000 0.049226 0.0906971 0.860077 
4020 0.0114491 0.0353037 0.953247 