70 0.653744 0.0179914 0.328265
72 0.265939 0.497106 0.236956
74 0.645304 0 0.354696
76 0.167982 0.57834 0.253678
77 0.591183 0.282715 0.126102
78 0 0.712419 0.287581
79 0.263969 0.286887 0.449145
80 0.370158 0.629842 0
81 0.375557 0.512438 0.112005
82 0.52812 0.193687 0.278193
83 0.218822 0.28397 0.497208
84 0.437697 0.524077 0.0382255
85 0.0989162 0.610683 0.290401
86 0.573097 0.27351 0.153393
87 0.655882 0.297638 0.0464802
88 0.0990375 0.610821 0.290142
89 0.581768 0.266511 0.15172
90 0.579008 0.268834 0.152158
91 0.302743 0.116152 0.581104
92 0.174166 0.530626 0.295208
93 0 0.713538 0.286462
95 0.17532 0.535007 0.289673
96 0 0.703872 0.296128
97 0 0.712405 0.287595
167 0.522405 0.244456 0.233138
192 0 0.050693 0.949307
196 0 0.0505574 0.949443
197 0.576295 0.272492 0.151212
200 0 0.716766 0.283234
205 0.39608 0.560443 0.0434765
206 0.411995 0.521139 0.066866
208 0.000106335 0.0539304 0.945963
210 0.279596 0.544745 0.175659
211 0.006042 0.0604035 0.933555
212 0.244079 0.186598 0.569322
213 0.44575 0.33861 0.21564
221 0.208175 0.139675 0.65215
222 0.44943 0.271617 0.278953
223 0 0.0505612 0.949439
224 0 0.0507827 0.949217
225 0.000292991 0.0521768 0.94753
228 0.41746 0.459624 0.122916
232 0.50968 0.184561 0.305759
235 0.606814 0.174001 0.219184
241 0.426224 0.534897 0.0388786
356 0.443985 0.509965 0.0460498
357 0.0273233 0.679921 0.292755
358 0.0272568 0.677853 0.29489
360 0.457081 0.527984 0.0149356
361 0.208849 0.55949 0.231661
430 0 0.703739 0.296261
478 0.52232 0.47768 0
479 0.650965 0 0.349035
482 0.0254434 0.238464 0.736093
490 0.493901 0.50604 5.93E-05
491 0.613231 0.287074 0.099695
505 0.435691 0.473589 0.0907199
609 0.285234 0.345246 0.369521
619 0.0269802 0.63801 0.33501
620 0 0.707489 0.292511
621 0 0.706981 0.293019
667 0.321196 0.457383 0.22142
672 0.473599 0.148725 0.377676
684 0 0.698524 0.301476
695 0.36883 0.489507 0.141663
816 0.0200953 0.723489 0.256416
1006 0.499661 0.500339 0
1026 0.484736 0.515264 0
1064 0.457928 0.49861 0.0434622
1151 0.442771 0.458122 0.0991071
1228 0.330422 0.357529 0.312049
1245 0.485783 0.514217 0
1315 0.45607 0.493299 0.0506305
1337 0.458051 0.497028 0.0449211
1406 0 0.707144 0.292856
1407 0.596194 0 0.403806
1408 0 0.707271 0.292729
1409 0.170571 0.51553 0.313899
1413 0 0.689452 0.310548
1414 0.362663 0.168852 0.468485
1415 0 0.679555 0.320445
1444 0.442818 0.497997 0.0591848
1529 0.461915 0.42014 0.117946
1603 0.485162 0.514838 0
1681 0.486793 0.513207 0
2397 0.212401 0.54623 0.241368
2401 0.53083 0.0896956 0.379474
2517 0 0.695246 0.304754
2592 0.63585 0.0154157 0.348735
2688 0 0.7213 0.2787
2733 0.481507 0.518493 0
2737 0.483554 0.516446 0
2776 0 0.0505612 0.949439
2777 0 0.0505612 0.949439
2778 0 0.0505612 0.949439
2779 0 0.0505612 0.949439
2780 0 0.0505612 0.949439
2798 0 0.0505612 0.949439
2826 0 0.0505612 0.949439
2855 0 0.584457 0.415543
2945 0.60098 0 0.39902
2947 0 0.691951 0.308049
2948 0 0.707488 0.292512
2967 0 0.0505612 0.949439
2974 0 0.0505612 0.949439
3025 0 0.0505612 0.949439
3026 0 0.0505612 0.949439
3028 0 0.0505612 0.949439
3030 0 0.0505612 0.949439
3031 0 0.0505612 0.949439
3032 0 0.0505612 0.949439
3033 0 0.0505612 0.949439
3035 0 0.0505612 0.949439
3036 0 0.0505612 0.949439
3037 0 0.0505612 0.949439
3038 0 0.0505612 0.949439
3039 0 0.0505612 0.949439
3051 0 0.0505612 0.949439
3052 0 0.0505612 0.949439
3076 0 0.0505612 0.949439
3077 0 0.0505612 0.949439
3078 0 0.0505612 0.949439
3114 0 0.0505612 0.949439
3121 0 0.0505612 0.949439
3122 0 0.0505612 0.949439
3123 0 0.0505612 0.949439
3124 0 0.0505612 0.949439
3125 0 0.0505612 0.949439
3126 0 0.0505612 0.949439
3127 0 0.0505612 0.949439
3265 0.453555 0.154129 0.392316
3266 0.273604 0.34143 0.384966
3311 0 0.713684 0.286316
3313 0.185498 0.492557 0.321945
3314 0.0313866 0.645295 0.323319
3315 0.51587 0.100314 0.383816
3318 0 0.694945 0.305055
3319 0 0.696882 0.303118
3324 0 0.0505612 0.949439
3325 0 0.0505612 0.949439
3326 0 0.0505612 0.949439
3331 0 0.0505612 0.949439
3333 0 0.0505612 0.949439
3334 0 0.0505612 0.949439
3338 0 0.0505612 0.949439
3339 0.160976 0.444032 0.394992
3406 0.488834 0.511166 0
3445 0.58202 0 0.41798
3447 0 0.679298 0.320702
3448 0.434071 0.141511 0.424418
3449 0.427539 0.206027 0.366434
3452 0.547016 0 0.452984
3455 0.632915 0.295804 0.0712814
3456 0.250968 0.323017 0.426015
3457 0.181833 0.45685 0.361317
3458 0 0.676078 0.323922
3460 0.623257 0 0.376743
3461 0.435267 0.153568 0.411165
3462 0.453693 0.159778 0.386528
3467 0.437645 0.229722 0.332633
3470 0.186992 0.47246 0.340548
3471 0 0.688576 0.311424
3472 0 0.694997 0.305003
3486 0.445494 0.138838 0.415668
3487 0.405974 0.464794 0.129232
3557 0.248187 0.370435 0.381379
3612 0.185509 0.471658 0.342833
3630 0.584857 0 0.415143
