70 0.654707 0.0215272 0.323766
72 0.27731 0.499507 0.223184
74 0.649679 0 0.350321
76 0.175582 0.570371 0.254047
77 0.596349 0.289896 0.113756
78 0 0.70938 0.29062
79 0.260586 0.290584 0.44883
80 0.372674 0.627326 0
81 0.380192 0.515711 0.104097
82 0.535829 0.193291 0.270881
83 0.222645 0.290492 0.486863
84 0.4406 0.522531 0.0368692
85 0.105828 0.610291 0.283881
86 0.574354 0.281953 0.143693
87 0.6581 0.304728 0.0371717
88 0.106118 0.610238 0.283645
89 0.582228 0.274075 0.143697
90 0.578254 0.277069 0.144677
91 0.3036 0.115236 0.581164
92 0.180582 0.532786 0.286632
93 0 0.710641 0.289359
95 0.182654 0.536926 0.28042
96 0 0.701282 0.298718
97 0 0.709839 0.290161
167 0.521113 0.250282 0.228605
192 0.00195988 0.0506118 0.947428
196 0.000101359 0.0493241 0.950575
197 0.573071 0.281224 0.145706
200 0 0.718205 0.281795
205 0.405792 0.563166 0.0310419
206 0.41496 0.517888 0.0671527
208 0.00316651 0.0537911 0.943042
210 0.2871 0.538256 0.174644
211 0.0115556 0.0616886 0.926756
212 0.251457 0.192377 0.556166
213 0.455106 0.339085 0.205809
221 0.219045 0.140188 0.640767
222 0.455488 0.273379 0.271132
223 0 0.0492107 0.950789
224 0.00266314 0.0499705 0.947366
225 0.00442067 0.0515137 0.944066
228 0.42229 0.458064 0.119647
232 0.51488 0.182 0.30312
235 0.613534 0.175396 0.21107
241 0.42361 0.53124 0.0451509
356 0.44544 0.510127 0.0444333
357 0.0299319 0.675934 0.294134
358 0.0297321 0.673402 0.296866
360 0.457852 0.529875 0.0122735
361 0.216736 0.554803 0.22846
430 0 0.70208 0.29792
478 0.523619 0.476381 0
479 0.65394 0 0.34606
482 0.0268686 0.245623 0.727509
490 0.491812 0.508188 0
491 0.610789 0.29227 0.0969418
505 0.436898 0.476561 0.0865408
609 0.290361 0.345279 0.36436
619 0.0281725 0.630542 0.341285
620 0 0.704159 0.295841
621 0 0.704913 0.295087
667 0.325592 0.458922 0.215486
672 0.479615 0.148097 0.372288
684 0 0.694558 0.305442
695 0.369245 0.48831 0.142445
816 0.0245212 0.721119 0.25436
1006 0.498104 0.501896 0
1026 0.484446 0.515554 0
1064 0.460888 0.498888 0.0402238
1151 0.442168 0.460186 0.0976457
1228 0.329998 0.353588 0.316413
1245 0.487037 0.512963 0
1315 0.452163 0.489811 0.0580269
1337 0.456347 0.49376 0.0498929
1406 0 0.705339 0.294661
1407 0.597981 0 0.402019
1408 0 0.70489 0.29511
1409 0.176643 0.510678 0.312679
1413 0 0.684131 0.315869
1414 0.370223 0.173961 0.455816
1415 0 0.675344 0.324656
1444 0.441991 0.492659 0.0653504
1529 0.464076 0.421379 0.114545
1603 0.484528 0.515472 0
1681 0.489207 0.510793 0
2397 0.216936 0.545141 0.237923
2401 0.534056 0.0896438 0.3763
2517 0 0.691752 0.308248
2592 0.635421 0.0185812 0.345998
2688 0 0.721227 0.278773
2733 0.482272 0.517728 0
2737 0.484648 0.515352 0
2776 0 0.0491297 0.95087
2777 0 0.0491297 0.95087
2778 0 0.0491297 0.95087
2779 0 0.0491297 0.95087
2780 0 0.0491297 0.95087
2798 0 0.0491297 0.95087
2826 0 0.0495261 0.950474
2855 0 0.581283 0.418717
2945 0.603501 0 0.396499
2947 0 0.689447 0.310553
2948 0 0.702296 0.297704
2967 0 0.0491297 0.95087
2974 0 0.0491297 0.95087
3025 0 0.0491297 0.95087
3026 0 0.0491297 0.95087
3028 0 0.0491297 0.95087
3030 0 0.0491297 0.95087
3031 0 0.0491297 0.95087
3032 0 0.0491297 0.95087
3033 0 0.0491297 0.95087
3035 0 0.0491297 0.95087
3036 0 0.0491297 0.95087
3037 0 0.0491297 0.95087
3038 0 0.0491297 0.95087
3039 0 0.0491297 0.95087
3051 0 0.0491297 0.95087
3052 0 0.0491297 0.95087
3076 0 0.0491297 0.95087
3077 0 0.0491297 0.95087
3078 0 0.0491297 0.95087
3114 0 0.0491297 0.95087
3121 0 0.0491297 0.95087
3122 0 0.0491297 0.95087
3123 0 0.0491297 0.95087
3124 0 0.0491297 0.95087
3125 0 0.0491297 0.95087
3126 0 0.0491297 0.95087
3127 0 0.0491297 0.95087
3265 0.457968 0.151509 0.390523
3266 0.279788 0.33673 0.383482
3311 0 0.713914 0.286086
3313 0.192496 0.495874 0.31163
3314 0.0361823 0.633142 0.330676
3315 0.520902 0.102448 0.376651
3318 0 0.692497 0.307503
3319 0 0.693854 0.306146
3324 0 0.0491297 0.95087
3325 0 0.0491297 0.95087
3326 0 0.0491297 0.95087
3331 0 0.0491297 0.95087
3333 0 0.0491297 0.95087
3334 0 0.0491297 0.95087
3338 0 0.0491297 0.95087
3339 0.167716 0.439239 0.393045
3406 0.490362 0.509638 0
3445 0.58382 0 0.41618
3447 0 0.674251 0.325749
3448 0.441641 0.139584 0.418774
3449 0.435218 0.208771 0.356011
3452 0.547879 0 0.452121
3455 0.632909 0.301197 0.0658944
3456 0.261733 0.322327 0.41594
3457 0.190881 0.455228 0.353891
3458 0 0.67389 0.32611
3460 0.625657 0 0.374343
3461 0.435384 0.152617 0.411999
3462 0.454513 0.15881 0.386676
3467 0.445615 0.231493 0.322892
3470 0.191623 0.474535 0.333842
3471 0 0.686413 0.313587
3472 0 0.69306 0.30694
3486 0.448814 0.137194 0.413991
3487 0.410162 0.467048 0.122791
3557 0.253607 0.370266 0.376127
3612 0.19024 0.473862 0.335898
3630 0.586306 0 0.413694
