70 0.637728 0.0218462 0.340426
72 0.265643 0.507727 0.22663
74 0.633945 0 0.366055
76 0.179431 0.587679 0.23289
77 0.584647 0.296893 0.11846
78 0 0.72907 0.27093
79 0.255684 0.312575 0.431741
80 0.382188 0.617812 0
81 0.332372 0.560652 0.106976
82 0.52213 0.201824 0.276045
83 0.339327 0.352668 0.308005
84 0.456699 0.506284 0.0370164
85 0.111336 0.619495 0.269169
86 0.55725 0.28593 0.15682
87 0.655643 0.298372 0.0459852
88 0.111736 0.618908 0.269356
89 0.57232 0.274708 0.152972
90 0.571016 0.279003 0.149981
91 0.289288 0.120052 0.59066
92 0.177627 0.54833 0.274043
93 0 0.730416 0.269584
95 0.181069 0.553492 0.265439
96 0 0.719611 0.280389
97 0 0.729872 0.270128
167 0.500592 0.249381 0.250027
192 0.000798292 0.0573327 0.941869
196 0 0.0562938 0.943706
197 0.553291 0.280165 0.166545
200 0.00134407 0.739262 0.259394
205 0.39823 0.55761 0.0441599
206 0.426296 0.503033 0.0706713
208 0.00280409 0.0609684 0.936228
210 0.278784 0.547974 0.173242
211 0.0110361 0.06835 0.920614
212 0.248451 0.20464 0.546909
213 0.444234 0.349737 0.206029
221 0.222006 0.149079 0.628915
222 0.453747 0.281704 0.264549
223 0 0.056289 0.943711
224 0.00177166 0.0560067 0.942222
225 0.00402885 0.0580088 0.937962
228 0.433088 0.444203 0.12271
232 0.498936 0.191306 0.309758
235 0.599513 0.185031 0.215456
241 0.439424 0.508684 0.051892
356 0.423591 0.52399 0.0524191
357 0.0295615 0.697125 0.273314
358 0.0295776 0.694569 0.275853
360 0.428532 0.55673 0.0147379
361 0.213877 0.574395 0.211728
430 0 0.722084 0.277916
478 0.503763 0.496237 0
479 0.638305 0 0.361695
482 0.0260733 0.266816 0.70711
490 0.474458 0.525542 0.00E+00
491 0.612153 0.288955 0.098892
505 0.456404 0.459806 0.0837899
609 0.278885 0.366921 0.354194
619 0.0270026 0.646576 0.326422
620 0 0.726866 0.273134
621 0 0.726156 0.273844
667 0.28691 0.498225 0.214865
672 0.463359 0.155308 0.381334
684 0 0.714103 0.285897
695 0.329885 0.519651 0.150464
816 0.026412 0.738771 0.234817
1006 0.515415 0.484585 0
1026 0.509157 0.490843 0
1064 0.468384 0.484063 0.047553
1151 0.459764 0.446301 0.093935
1228 0.341768 0.33996 0.318272
1245 0.508575 0.491425 0
1315 0.465628 0.474489 0.0598836
1337 0.463207 0.478932 0.057861
1406 0 0.725003 0.274997
1407 0.583092 0 0.416908
1408 0 0.72476 0.27524
1409 0.168648 0.503306 0.328046
1413 0 0.703479 0.296521
1414 0.367655 0.17717 0.455175
1415 0 0.698185 0.301815
1444 0.459375 0.474369 0.0662562
1529 0.447933 0.430981 0.121086
1603 0.503201 0.496799 0
1681 0.515845 0.484155 0
2397 0.201879 0.560441 0.23768
2401 0.520158 0.0943986 0.385443
2517 0 0.711843 0.288157
2592 0.619746 0.0194066 0.360847
2688 0 0.741104 0.258896
2733 0.505283 0.494717 0
2737 0.506312 0.493688 0
2776 0 0.0563306 0.943669
2777 0 0.0563306 0.943669
2778 0 0.0563306 0.943669
2779 0 0.0563306 0.943669
2780 0 0.0563306 0.943669
2798 0 0.0563306 0.943669
2826 0 0.0566371 0.943363
2855 0 0.586633 0.413367
2945 0.590125 0 0.409875
2947 0 0.709291 0.290709
2948 0 0.723348 0.276652
2967 0 0.0563306 0.943669
2974 0 0.0563306 0.943669
3025 0 0.0563306 0.943669
3026 0 0.0563306 0.943669
3028 0 0.0563306 0.943669
3030 0 0.0563306 0.943669
3031 0 0.0563306 0.943669
3032 0 0.0563306 0.943669
3033 0 0.0563306 0.943669
3035 0 0.0563306 0.943669
3036 0 0.0563306 0.943669
3037 0 0.0563306 0.943669
3038 0 0.0563306 0.943669
3039 0 0.0563306 0.943669
3051 0 0.0563306 0.943669
3052 0 0.0563306 0.943669
3076 0 0.0563306 0.943669
3077 0 0.0563306 0.943669
3078 0 0.0563306 0.943669
3114 0 0.0563306 0.943669
3121 0 0.0563306 0.943669
3122 0 0.0563306 0.943669
3123 0 0.0563306 0.943669
3124 0 0.0563306 0.943669
3125 0 0.0563306 0.943669
3126 0 0.0563306 0.943669
3127 0 0.0563306 0.943669
3265 0.440512 0.161872 0.397616
3266 0.316611 0.310418 0.37297
3311 0 0.736246 0.263754
3313 0.180465 0.526771 0.292765
3314 0.0314427 0.658788 0.309769
3315 0.511611 0.104628 0.383762
3318 0 0.713449 0.286551
3319 0 0.715678 0.284322
3324 0 0.0563306 0.943669
3325 0 0.0563306 0.943669
3326 0 0.0563306 0.943669
3331 0 0.0563306 0.943669
3333 0 0.0563306 0.943669
3334 0 0.0563306 0.943669
3338 0 0.0563306 0.943669
3339 0.164757 0.449933 0.385311
3406 0.512689 0.487311 0
3445 0.569552 0 0.430448
3447 0 0.692429 0.307571
3448 0.418232 0.154016 0.427751
3449 0.431694 0.216076 0.35223
3452 0.536312 0 0.463688
3455 0.628598 0.296118 0.0752842
3456 0.244761 0.320602 0.434637
3457 0.190952 0.465298 0.34375
3458 0 0.6937 0.3063
3460 0.608852 0 0.391148
3461 0.422762 0.157862 0.419376
3462 0.443928 0.162805 0.393267
3467 0.441305 0.242676 0.316019
3470 0.166312 0.502125 0.331562
3471 0 0.704657 0.295343
3472 0 0.713574 0.286426
3486 0.435852 0.140257 0.423891
3487 0.414852 0.466012 0.119136
3557 0.254453 0.377691 0.367856
3612 0.16519 0.501377 0.333433
3630 0.570213 0 0.429787
