70 0.12103 0.860264 0.0187063
72 0.216998 0.258899 0.524103
74 0.0724234 0.927577 0
76 0.154694 0.177015 0.668291
77 0.503267 0.473705 0.0230278
78 0.0795045 0 0.920495
79 0.394994 0.30652 0.298486
80 0.621718 0.0298655 0.348417
81 0.399631 0.249611 0.350758
82 0.107908 0.699092 0.193001
83 0.651914 0.131314 0.216772
84 0.835977 0.0133071 0.150716
85 0.137973 0.106358 0.755669
86 0.475423 0.47568 0.0488967
87 0.544644 0.455356 0
88 0.13752 0.106524 0.755957
89 0.461207 0.494412 0.0443807
90 0.465368 0.488481 0.0461501
91 0 0.721669 0.278331
92 0.162041 0.194078 0.643881
93 0.0786377 0 0.921362
95 0.164232 0.191965 0.643803
96 0.078582 0 0.921418
97 0.0786883 0 0.921312
167 0.446775 0.482749 0.0704763
192 0.262819 0.324606 0.412575
196 0.0606762 0.500505 0.438819
197 0.489893 0.475274 0.0348325
200 0.0911427 0 0.908857
205 0.600768 0.112158 0.287074
206 0.632905 0.120837 0.246258
208 0.152133 0.273348 0.574519
210 0.248154 0.233701 0.518144
211 0.457023 0.183915 0.359062
212 0.226696 0.504618 0.268686
213 0.234791 0.506805 0.258404
221 0.0822765 0.611273 0.30645
222 0.104323 0.600168 0.295509
223 0 0.504626 0.495374
224 0.0707492 0.614975 0.314275
225 0.0639017 0.606817 0.329281
228 0.735088 0.103256 0.161656
232 0.106728 0.701023 0.192249
235 0.113565 0.791298 0.0951365
241 0.854129 0 0.145871
356 0.538014 0.240491 0.221495
357 0.103288 0.0350423 0.86167
358 0.102995 0.0354142 0.861591
360 0.547953 0.236767 0.215281
361 0.185244 0.187083 0.627673
430 0.0814322 0.0012081 0.91736
478 0.270409 0.465957 0.263634
479 0.0751158 0.924884 0
482 0.117826 0.0379336 0.844241
490 0.566816 0.263454 0.16973
491 0.541727 0.458273 0
505 0.610596 0.177135 0.212269
609 0.0558489 0.443936 0.500215
619 0.0988056 0.0365959 0.864598
620 0.0787307 0 0.921269
621 0.0867469 0 0.913253
667 0.351452 0.260278 0.38827
672 0 0.735006 0.264994
684 0.0863969 0 0.913603
695 0.385855 0.260818 0.353328
816 0.11523 0.00193665 0.882833
1006 0.893046 0.0434642 0.0634893
1026 0.969358 0 0.0306424
1064 0.717931 0.123574 0.158495
1151 0.71213 0.139383 0.148487
1228 0.930716 0 0.0692837
1245 0.966473 0 0.0335272
1315 0.825651 0.0504165 0.123933
1337 0.726148 0.120206 0.153646
1406 0.0757006 0 0.924299
1407 0.0803268 0.919673 0
1408 0.07539 0 0.92461
1409 0.0713877 0.253656 0.674956
1413 0.0810313 0 0.918969
1414 0.430009 0.498071 0.0719199
1415 0.0812531 0 0.918747
1444 0.745539 0.0958717 0.15859
1529 0.586588 0.288825 0.124587
1603 0.942932 0 0.0570677
1681 0.959367 0 0.0406326
2397 0.196852 0.187434 0.615714
2401 0.0341223 0.798191 0.167686
2517 0.0801111 0 0.919889
2592 0.125454 0.858369 0.016177
2688 0.0880147 0 0.911985
2733 0.945926 0 0.0540739
2737 0.951792 0 0.0482076
2776 0.711774 0.263992 0.0242336
2777 0.733431 0.266569 0
2778 0.136022 0.45549 0.408488
2779 0.138495 0.446302 0.415203
2780 0.733786 0.265939 0.000274453
2798 0.244688 0.505817 0.249495
2826 0 0.25744 0.74256
2855 0.0847885 0 0.915212
2945 0.0738865 0.926113 0
2947 0.0875376 0 0.912462
2948 0.0907109 0 0.909289
2967 0.697578 0.264151 0.0382716
2974 0.737088 0.262912 0
3025 0.137548 0.445986 0.416466
3026 0.737396 0.262604 0
3028 0.250584 0.506563 0.242853
3030 0.0725159 0.60238 0.325104
3031 0.125571 0.439722 0.434707
3032 0.163326 0.180049 0.656625
3033 0.16448 0.182963 0.652557
3035 0.127485 0.439402 0.433113
3036 0.127047 0.439306 0.433647
3037 0.311634 0.439774 0.248592
3038 0.277461 0.293075 0.429465
3039 0.138581 0.500874 0.360545
3051 0.13449 0.261685 0.603825
3052 0.13712 0.356076 0.506804
3076 0.135175 0.356468 0.508358
3077 0.139804 0.400153 0.460043
3078 0.16847 0.164339 0.667191
3114 0.208534 0.17398 0.617487
3121 0.0873854 0.476909 0.435705
3122 0.166746 0.356286 0.476968
3123 0.037541 0.428347 0.534112
3124 0.624445 0.308693 0.066862
3125 0.605494 0.311828 0.0826786
3126 0.174461 0.154479 0.67106
3127 0.179018 0.154579 0.666403
3265 0 0.727362 0.272638
3266 0.00779859 0.471272 0.520929
3311 0.083644 0 0.916356
3313 0.115931 0.251962 0.632107
3314 0.0785865 0.0614673 0.859946
3315 0 0.784275 0.215725
3318 0.0814329 0 0.918567
3319 0.0794706 0 0.920529
3324 0.0845661 0 0.915434
3325 0.721488 0.278512 0
3326 0.141038 0.53426 0.324702
3331 0.109772 0.502739 0.387488
3333 0.710529 0.270286 0.0191846
3334 0.148556 0.327679 0.523765
3338 0.492077 0.277002 0.230922
3339 0.175715 0.172188 0.652097
3406 0.957964 0 0.0420362
3445 0.05889 0.94111 0
3447 0.0816993 0.00160496 0.916696
3448 0 0.726476 0.273524
3449 0.0173046 0.656515 0.32618
3452 0.0739468 0.923584 0.00246894
3455 0.53961 0.46039 0
3456 0.0405433 0.442797 0.51666
3457 0.063436 0.294272 0.642292
3458 0.0811095 0 0.91889
3460 0.0624389 0.937561 0
3461 0 0.699494 0.300506
3462 0 0.700166 0.299834
3467 0.0391314 0.638768 0.322101
3470 0.0123981 0.317713 0.669889
3471 0.0778473 0 0.922153
3472 0.0797912 0 0.920209
3486 0 0.722059 0.277941
3487 0.4727 0.265991 0.261308
3557 0.0578779 0.399866 0.542256
3612 0.0122688 0.317426 0.670305
3630 0.059809 0.940191 0
