70 0.111819 0.8708 0.017381
72 0.211275 0.260804 0.527921
74 0.0683517 0.931648 0
76 0.161368 0.170635 0.667998
77 0.484558 0.488928 0.0265134
78 0.0963696 0 0.90363
79 0.385834 0.324487 0.289679
80 0.619459 0.0346036 0.345937
81 0.387741 0.262798 0.349461
82 0.0988269 0.702232 0.198941
83 0.640875 0.135809 0.223316
84 0.834807 0.0142957 0.150898
85 0.138596 0.109503 0.751901
86 0.452293 0.498493 0.0492141
87 0.527522 0.472478 0
88 0.138289 0.109459 0.752252
89 0.438775 0.515553 0.0456721
90 0.443581 0.51068 0.0457398
91 0 0.721109 0.278891
92 0.158944 0.196845 0.644211
93 0.0961937 0 0.903806
95 0.163443 0.192843 0.643714
96 0.0961226 0 0.903877
97 0.0960251 0 0.903975
167 0.427036 0.502756 0.0702085
192 0.248845 0.332397 0.418757
196 0.0453416 0.51021 0.444448
197 0.469643 0.500254 0.0301038
200 0.102782 0 0.897218
205 0.598808 0.10988 0.291312
206 0.632068 0.121518 0.246415
208 0.148791 0.272367 0.578842
210 0.24997 0.227327 0.522703
211 0.448325 0.180795 0.370881
212 0.221487 0.507601 0.270912
213 0.228623 0.508832 0.262545
221 0.0760173 0.608209 0.315774
222 0.0926753 0.607792 0.299533
223 0 0.50285 0.49715
224 0.0656987 0.61601 0.318291
225 0.0555162 0.611189 0.333295
228 0.731797 0.10132 0.166883
232 0.098564 0.702946 0.19849
235 0.113883 0.789939 0.0961773
241 0.861168 0 0.138832
356 0.525982 0.254748 0.21927
357 0.114011 0.0336785 0.85231
358 0.11399 0.0337714 0.852239
360 0.536948 0.251579 0.211473
361 0.190539 0.18278 0.626681
430 0.0967343 0.000426005 0.90284
478 0.285031 0.466535 0.248433
479 0.070471 0.929529 0
482 0.129475 0.0377817 0.832744
490 0.554883 0.281818 0.163298
491 0.523032 0.476968 0
505 0.601563 0.18953 0.208908
609 0.0587504 0.442511 0.498738
619 0.113106 0.0340495 0.852845
620 0.0955728 0 0.904427
621 0.0957578 0 0.904242
667 0.340786 0.27185 0.387364
672 0 0.731847 0.268153
684 0.0996072 0 0.900393
695 0.377345 0.271756 0.3509
816 0.127029 0.00050492 0.872466
1006 0.893855 0.0473778 0.0587677
1026 0.969214 0 0.0307862
1064 0.711808 0.128003 0.16019
1151 0.705747 0.149359 0.144894
1228 0.931028 0 0.0689719
1245 0.966181 0 0.0338194
1315 0.825016 0.0539632 0.121021
1337 0.721323 0.124328 0.154349
1406 0.0921359 0 0.907864
1407 0.075194 0.924806 0
1408 0.0920874 0 0.907913
1409 0.0858092 0.246536 0.667655
1413 0.0979216 0 0.902078
1414 0.40598 0.517049 0.0769712
1415 0.0977512 0 0.902249
1444 0.744299 0.0965043 0.159197
1529 0.570207 0.301449 0.128344
1603 0.944469 0 0.0555307
1681 0.957912 0 0.0420885
2397 0.201455 0.188647 0.609898
2401 0.0323641 0.799137 0.168499
2517 0.0944227 0 0.905577
2592 0.117526 0.868949 0.0135247
2688 0.103003 0 0.896997
2733 0.945543 0 0.0544565
2737 0.95138 0 0.0486198
2776 0.691432 0.284269 0.0242993
2777 0.714615 0.285385 0
2778 0.146613 0.44426 0.409127
2779 0.148718 0.438014 0.413268
2780 0.715116 0.284884 0
2798 0.244896 0.504485 0.250619
2826 0 0.258853 0.741147
2855 0.0996926 0 0.900307
2945 0.0702748 0.929725 0
2947 0.101114 0 0.898886
2948 0.102347 0 0.897653
2967 0.679004 0.283141 0.0378543
2974 0.719125 0.280875 0
3025 0.147933 0.437788 0.41428
3026 0.718108 0.281892 0
3028 0.250945 0.504602 0.244453
3030 0.0699381 0.607336 0.322726
3031 0.132074 0.434003 0.433922
3032 0.170719 0.167023 0.662258
3033 0.171323 0.169907 0.65877
3035 0.134458 0.433576 0.431966
3036 0.134115 0.433077 0.432807
3037 0.311839 0.439774 0.248388
3038 0.276372 0.29542 0.428207
3039 0.144242 0.499804 0.355954
3051 0.141443 0.261675 0.596882
3052 0.147811 0.3508 0.501389
3076 0.146041 0.350965 0.502994
3077 0.144209 0.401387 0.454404
3078 0.170026 0.162984 0.66699
3114 0.216243 0.171449 0.612308
3121 0.0941424 0.481357 0.4245
3122 0.168786 0.354842 0.476372
3123 0.0429865 0.428565 0.528449
3124 0.606417 0.326212 0.0673712
3125 0.589759 0.332555 0.0776855
3126 0.175631 0.152617 0.671752
3127 0.181144 0.154606 0.66425
3265 0 0.72502 0.27498
3266 0.0125664 0.464919 0.522514
3311 0.0971534 0 0.902847
3313 0.113464 0.255369 0.631167
3314 0.0917391 0.0554674 0.852794
3315 0 0.784435 0.215565
3318 0.094937 0 0.905063
3319 0.0959143 0 0.904086
3324 0.0989133 0 0.901087
3325 0.70461 0.29539 0
3326 0.145332 0.530167 0.324501
3331 0.113512 0.510109 0.376379
3333 0.694758 0.287609 0.0176325
3334 0.153987 0.331572 0.514441
3338 0.470729 0.287776 0.241495
3339 0.177596 0.16954 0.652864
3406 0.956225 0 0.0437745
3445 0.0542712 0.945729 0
3447 0.0967124 0.00113789 0.90215
3448 0 0.724672 0.275328
3449 0.0169701 0.657368 0.325662
3452 0.0703135 0.927399 0.00228755
3455 0.525203 0.474797 0
3456 0.0439565 0.438027 0.518016
3457 0.0655837 0.291411 0.643006
3458 0.0955227 0 0.904477
3460 0.0565214 0.943479 0
3461 0 0.703348 0.296652
3462 0 0.703399 0.296601
3467 0.0408944 0.637491 0.321615
3470 0.0197624 0.319235 0.661002
3471 0.093852 0 0.906148
3472 0.0947421 0 0.905258
3486 0 0.721085 0.278915
3487 0.46082 0.276802 0.262377
3557 0.061526 0.399106 0.539368
3612 0.0198459 0.319048 0.661106
3630 0.054555 0.945445 0
