1 0.000816846 0.0116232 0.98756
2 0.00135587 0.0124878 0.986156
4 0.000918691 0.0117847 0.987297
6 0.000332209 0.0107844 0.988883
8 0.000828759 0.0116386 0.987533
9 0.000843242 0.0116895 0.987467
10 0.000816846 0.0116232 0.98756
16 0.000852424 0.0116002 0.987547
17 0.000776294 0.0114732 0.987751
18 0.00135587 0.0124878 0.986156
20 0.000848046 0.0115949 0.987557
21 0.000944059 0.0118765 0.987179
22 0.000928206 0.0117904 0.987281
23 0.000864197 0.0114318 0.987704
26 0.000702206 0.0116375 0.98766
31 0.000778123 0.0116754 0.987546
36 0.000863405 0.0116865 0.98745
39 0.000995511 0.0119104 0.987094
40 0.000998484 0.0119157 0.987086
43 0.000914392 0.0119325 0.987153
44 0.000934519 0.0118758 0.98719
45 0.000908835 0.0118805 0.987211
46 0.283285 0.535057 0.181658
49 0.00108386 0.012073 0.986843
51 0.00100985 0.0119793 0.987011
52 0.000912466 0.011848 0.987239
54 0.000908741 0.0118269 0.987264
55 0.000972999 0.0119327 0.987094
56 0.000857937 0.0116817 0.98746
57 0.000901288 0.0116475 0.987451
58 0.00059922 0.0115269 0.987874
59 0.00135587 0.0124878 0.986156
60 0.000884496 0.0117516 0.987364
61 0.000904774 0.011783 0.987312
62 0.00135587 0.0124878 0.986156
62.1 0.000206182 0.0104965 0.989297
63 0.000871905 0.0117291 0.987399
64 0.000871905 0.0117291 0.987399
65 0.000857839 0.0117068 0.987435
68 0.000861342 0.0117128 0.987426
70 0.677114 0.0339231 0.288963
71 0.000840549 0.011649 0.98751
72 0.283247 0.532788 0.183965
73 0.0487997 0.0830146 0.868186
74 0.679778 0 0.320222
75 0.683363 0 0.316637
76 0.178381 0.612988 0.20863
77 0.595899 0.304879 0.0992224
78 0 0.754768 0.245232
79 0.270972 0.297669 0.431359
80 0.359605 0.640395 0
81 0.386862 0.546056 0.0670819
82 0.547357 0.218995 0.233647
83 0.214886 0.27906 0.506054
84 0.401945 0.51292 0.085135
85 0.1061 0.647309 0.246591
86 0.577583 0.296909 0.125507
87 0.659247 0.322959 0.0177932
88 0.106108 0.647254 0.246638
89 0.581565 0.288807 0.129628
90 0.578338 0.292406 0.129257
91 0.32428 0.119979 0.555741
92 0.182935 0.562942 0.254124
93 0 0.755859 0.244141
94 0.0596211 0.107288 0.83309
95 0.184293 0.566544 0.249163
96 0 0.746681 0.253319
97 0 0.754409 0.245591
99 0.00134863 0.012535 0.986116
100 0.00028875 0.0105703 0.989141
104 0.0013544 0.012487 0.986159
107 0.00253599 0.0145377 0.982926
108 0.00218556 0.0269077 0.970907
109 0.00149758 0.0127984 0.985704
110 0.00136987 0.0125058 0.986124
111 0.000173386 0.0107564 0.98907
113 0.00221428 0.0143233 0.983462
118 0.00182924 0.012395 0.985776
121 0.00151346 0.0124961 0.98599
122 0.00751955 0.0248533 0.967627
124 0.171607 0.351586 0.476807
125 0.0103988 0.0219307 0.96767
126 0.0057528 0.0187515 0.975496
128 0.000955001 0.0119182 0.987127
135 0.000373771 0.0108834 0.988743
138 0.000177499 0.010515 0.989308
140 0.000371686 0.0110253 0.988603
141 0.000133769 0.0105581 0.989308
142 0.000697993 0.0114432 0.987859
143 0.00038679 0.0107574 0.988856
147 0.000195689 0.0108109 0.988993
151 0.000385967 0.0107774 0.988837
152 0.000384744 0.0107244 0.988891
154 0.000800892 0.0116215 0.987578
155 0.00085101 0.0116942 0.987455
158 2.52728e-05 0.0104287 0.989546
159 0.00366165 0.0123641 0.983974
161 0.000490878 0.0110526 0.988457
162 0.000383585 0.0109111 0.988705
166 0.00100853 0.0119557 0.987036
167 0.532967 0.263026 0.204007
171 0.000917027 0.0118465 0.987236
176 0.0200953 0.0383042 0.941601
177 0.00255062 0.0209367 0.976513
179 0.000442361 0.010945 0.988613
181 0.00498993 0.20852 0.78649
182 0.00351768 0.280598 0.715884
183 0.00144637 0.0130348 0.985519
185 0.214416 0.240919 0.544666
186 0.00135587 0.0124878 0.986156
187 0.0256019 0.026705 0.947693
188 0.000231436 0.0105627 0.989206
190 0.00139874 0.0124216 0.98618
192 0.00504359 0.0144797 0.980477
195 0.000548152 0.0111931 0.988259
196 0.0030862 0.0127695 0.984144
197 0.579326 0.298175 0.122499
198 0.0254867 0.0255469 0.948966
199 0.0752336 0.0515158 0.873251
200 0 0.765919 0.234081
201 0.00165407 0.01522 0.983126
202 0.258007 0.312869 0.429123
205 0.389054 0.577082 0.0338632
206 0.403266 0.532817 0.0639168
207 0.406452 0.509426 0.0841212
208 0.00636537 0.0184899 0.975145
209 0.00338562 0.0134232 0.983191
210 0.293227 0.573963 0.13281
211 0.0147714 0.0279803 0.957248
212 0.262669 0.200475 0.536856
213 0.467132 0.376869 0.155999
214 0.0208562 0.0243623 0.954781
215 0.0018152 0.0130738 0.985111
216 0.394755 0.302316 0.302929
217 0.00476352 0.0137235 0.981513
218 0.0459626 0.0487271 0.90531
219 0.045345 0.0486172 0.906038
220 0.105815 0.0875019 0.806683
221 0.234232 0.140255 0.625513
222 0.470792 0.300988 0.22822
223 0.00172449 0.0126138 0.985662
224 0.00583819 0.01407 0.980092
225 0.00779105 0.0161983 0.976011
226 0.0460697 0.0387737 0.915157
227 0.0033685 0.0141516 0.98248
228 0.405558 0.460245 0.134197
229 0.541673 0.458327 0
230 0.164088 0.104082 0.73183
231 0.00135587 0.0124878 0.986156
232 0.533137 0.207852 0.259011
234 0.00135587 0.0124878 0.986156
235 0.629948 0.215952 0.154099
238 0.0021803 0.506511 0.491309
241 0.391156 0.527946 0.0808983
243 0.000483666 0.0109047 0.988612
244 0.000573364 0.0105679 0.988859
341 0.0191791 0.147451 0.83337
350 0.000637766 0.0112732 0.988089
356 0.457428 0.542572 0
357 0.0285452 0.729424 0.242031
358 0.0282645 0.726892 0.244843
360 0.453436 0.546564 0
361 0.224623 0.596969 0.178408
371 0.000983583 0.0119136 0.987103
372 0.000997869 0.0118766 0.987126
373 0.000953902 0.0118634 0.987183
377 6.03743e-05 0.0103176 0.989622
385 0.46308 0.53692 0
388 0.00176081 0.0126173 0.985622
392 0.00465329 0.0210346 0.974312
407 0.00135587 0.0124878 0.986156
408 0.00087406 0.0116019 0.987524
411 0.000150549 0.0112875 0.988562
416 0.000455818 0.0110029 0.988541
417 0.000447559 0.011415 0.988137
426 0.000374583 0.0107284 0.988897
430 0 0.753809 0.246191
431 0 0.759973 0.240027
444 0.00135587 0.0124878 0.986156
463 0.00291787 0.0150626 0.982019
464 0.683845 0 0.316155
469 0.000498434 0.0110071 0.988494
476 0.00135587 0.0124878 0.986156
478 0.504368 0.495632 0
479 0.689939 0 0.310061
482 0.0317906 0.242164 0.726045
489 0.478691 0.516985 0.00432473
490 0.480576 0.519424 0
491 0.622843 0.311208 0.065949
492 0.000308218 0.0109201 0.988772
502 0.000146023 0.0106339 0.98922
505 0.422615 0.485225 0.0921597
523 0.00134712 0.0122347 0.986418
524 0.000250678 0.0111331 0.988616
525 0.339105 0.369396 0.291499
538 0.000445726 0.0108331 0.988721
539 0.00131286 0.0124212 0.986266
541 0.000765794 0.0115859 0.987648
543 0.00111067 0.0116065 0.987283
546 0.540732 0.113438 0.34583
548 0.000324721 0.0107104 0.988965
551 0.000362035 0.0107166 0.988921
559 0.000661444 0.0115158 0.987823
563 0.000426562 0.0114697 0.988104
566 0.000310668 0.0107264 0.988963
568 0.000471843 0.0111354 0.988393
570 0.000266382 0.0106847 0.989049
571 0.000238478 0.0105834 0.989178
573 0.000442884 0.0115004 0.988057
575 0.000299617 0.010631 0.989069
576 0.00135587 0.0124878 0.986156
580 0.300089 0.364174 0.335737
582 0.000515347 0.0111514 0.988333
585 0.000460303 0.0110216 0.988518
587 0.000301071 0.0105614 0.989138
597 0.00135587 0.0124878 0.986156
601 0.00135587 0.0124878 0.986156
608 0.000113193 0.0105538 0.989333
609 0.309263 0.373714 0.317023
610 0.00135587 0.0124878 0.986156
619 0.0276064 0.682055 0.290339
620 0 0.754931 0.245069
621 0 0.755747 0.244253
667 0.340405 0.489512 0.170082
671 0.134235 0.330699 0.535066
672 0.506091 0.172441 0.321468
677 0.000205329 0.010641 0.989154
678 0.000172788 0.0105841 0.989243
684 0 0.745868 0.254132
694 0.515591 0.484409 0
695 0.385015 0.5222 0.0927845
696 0.000417395 0.0110283 0.988554
731 0.354348 0.42396 0.221692
739 0.0276095 0.0261354 0.946255
744 0.000299801 0.010626 0.989074
745 0.000996647 0.0118768 0.987127
746 0.00100128 0.0119565 0.987042
747 0.000930905 0.0118267 0.987242
752 0.00029399 0.0108184 0.988888
754 0.00611507 0.0146498 0.979235
758 0.000375811 0.0108979 0.988726
759 0.000843609 0.0116835 0.987473
768 0.00140922 0.0121065 0.986484
776 0.000363827 0.0107952 0.988841
777 0.00252428 0.0142291 0.983247
783 0.0010372 0.0119492 0.987014
794 0.00101088 0.0119005 0.987089
796 0.0058033 0.0149539 0.979243
797 0.000840583 0.0116778 0.987482
807 0.113911 0.107142 0.778946
814 0.000740158 0.011454 0.987806
816 0.0265039 0.772453 0.201043
820 0.000471375 0.0109239 0.988605
826 0.0131308 0.0301735 0.956696
827 0.000201562 0.0110434 0.988755
844 0.000720892 0.0113226 0.987956
845 0.00031383 0.0108198 0.988866
851 0.019858 0.0334417 0.9467
854 0.00135587 0.0124878 0.986156
894 0.00103298 0.0119274 0.98704
906 0.000285585 0.010677 0.989037
911 0.00111177 0.0121123 0.986776
925 0.00135587 0.0124878 0.986156
929 0.000336512 0.0107381 0.988925
930 0.000679669 0.0114213 0.987899
931 0.000490259 0.0111075 0.988402
935 0.000802737 0.0115931 0.987604
951 0.00135587 0.0124878 0.986156
956 0.0127112 0.0296857 0.957603
970 0.000330723 0.0106289 0.98904
971 0.000582391 0.0111857 0.988232
974 0.000579999 0.0112455 0.988175
975 0.321489 0.488857 0.189653
995 0.504458 0.495542 0
996 0.43569 0.56431 0
1006 0.472815 0.507955 0.0192295
1026 0.461492 0.531656 0.00685127
1063 0.000797255 0.0115063 0.987696
1064 0.440311 0.504842 0.0548475
1151 0.430692 0.469089 0.100219
1187 0.222033 0.702798 0.0751695
1228 0.301284 0.333862 0.364854
1245 0.463629 0.527153 0.00921754
1315 0.424156 0.487009 0.088835
1337 0.437951 0.499664 0.0623848
1363 0.00135587 0.0124878 0.986156
1368 0.000292865 0.0107996 0.988908
1369 0.00135587 0.0124878 0.986156
1384 0.00116184 0.0121918 0.986646
1393 0.00135587 0.0124878 0.986156
1400 0.000396958 0.0113584 0.988245
1401 0.000919988 0.0118056 0.987274
1406 0 0.754928 0.245072
1407 0.633621 0 0.366379
1408 0 0.754324 0.245676
1409 0.18694 0.550973 0.262087
1410 0.0201901 0.0329397 0.94687
1411 0.018813 0.0268687 0.954318
1412 0.00524323 0.0263429 0.968414
1413 0 0.735813 0.264187
1414 0.380661 0.175136 0.444204
1415 0 0.726105 0.273895
1416 0.000408902 0.0113713 0.98822
1417 0.000708015 0.0115732 0.987719
1424 0.000358241 0.0106632 0.988979
1425 0.000321817 0.0106556 0.989023
1426 0.000309038 0.0105595 0.989131
1427 0.000464876 0.0114935 0.988042
1429 0.000302521 0.0106428 0.989055
1431 0.00484107 0.0214837 0.973675
1441 0.000301175 0.0105392 0.98916
1444 0.420045 0.496274 0.0836811
1449 0.00115476 0.0121839 0.986661
1466 0.00135587 0.0124878 0.986156
1467 0.00135587 0.0124878 0.986156
1468 0.00135587 0.0124878 0.986156
1469 0.00135587 0.0124878 0.986156
1470 0.00135587 0.0124878 0.986156
1471 0.00135587 0.0124878 0.986156
1472 0.00135587 0.0124878 0.986156
1473 0.00135587 0.0124878 0.986156
1474 0.000626616 0.0113847 0.987989
1477 0.000641511 0.0113904 0.987968
1495 0.000413767 0.0110169 0.988569
1496 0.000582755 0.0111243 0.988293
1497 0.000395381 0.0108509 0.988754
1498 0.000437074 0.0112589 0.988304
1510 0.000419411 0.010803 0.988778
1515 0.000827113 0.0116235 0.987549
1520 0.00135587 0.0124878 0.986156
1521 0.000417606 0.0115401 0.988042
1529 0.476064 0.443667 0.0802692
1530 0.00136617 0.0124859 0.986148
1548 0.000277358 0.0106828 0.98904
1553 0.000435499 0.0114927 0.988072
1554 0.000412709 0.0113802 0.988207
1555 0.000731839 0.0114642 0.987804
1556 0.000522112 0.0109571 0.988521
1557 0.000742072 0.0114772 0.987781
1558 0.000742072 0.0114772 0.987781
1572 0.000397672 0.011466 0.988136
1573 0.00045412 0.0114735 0.988072
1591 0.000742072 0.0114772 0.987781
1592 0.000465692 0.0114924 0.988042
1603 0.450387 0.512753 0.0368609
1606 0.0388059 0.0454538 0.91574
1645 0.000856799 0.0117039 0.987439
1646 0.000660777 0.0113702 0.987969
1647 0.000485407 0.0110922 0.988422
1648 0.000789124 0.0115917 0.987619
1649 0.000767811 0.0115144 0.987718
1650 0.000277229 0.0106152 0.989108
1651 0.000720078 0.0114339 0.987846
1656 0.00101429 0.0118625 0.987123
1659 0.000590022 0.0112593 0.988151
1660 0.00439099 0.0137585 0.981851
1673 0.0101035 0.0174454 0.972451
1681 0.451678 0.504709 0.0436122
1765 0.343476 0.352693 0.303831
1766 0.000582693 0.0115962 0.987821
2258 0.000523544 0.0110958 0.988381
2265 0.000298046 0.0106109 0.989091
2307 0.000672666 0.0113889 0.987938
2321 0.00103927 0.0119926 0.986968
2322 0.00103146 0.0119961 0.986972
2395 0.00123533 0.0123025 0.986462
2396 0.00115613 0.0121844 0.986659
2397 0.225352 0.584729 0.189919
2401 0.567147 0.104911 0.327942
2402 0.627365 0.372635 0
2403 0.00161088 0.012533 0.985856
2423 0.00135587 0.0124878 0.986156
2432 0.00135587 0.0124878 0.986156
2433 0.000470095 0.0111827 0.988347
2439 0.000622163 0.0113208 0.988057
2440 0.000870987 0.0117266 0.987402
2449 0.00290203 0.0116272 0.985471
2450 0.000738053 0.0116743 0.987588
2457 0.00135587 0.0124878 0.986156
2458 0.00135587 0.0124878 0.986156
2473 0.000276637 0.010975 0.988748
2479 0.00135587 0.0124878 0.986156
2480 0.00110219 0.0120346 0.986863
2483 0.000724017 0.0115938 0.987682
2486 0.000647918 0.0113675 0.987985
2489 0.00100413 0.0121824 0.986813
2491 0.00084188 0.0116878 0.98747
2492 0.000995406 0.0118314 0.987173
2508 0.000637866 0.0113293 0.988033
2513 0.000473575 0.0111639 0.988363
2515 0.00135587 0.0124878 0.986156
2517 0 0.743209 0.256791
2521 0.000209622 0.0107195 0.989071
2529 0.000742924 0.011516 0.987741
2559 0.000614639 0.0111515 0.988234
2560 0.00087032 0.0116537 0.987476
2568 0.000360466 0.0116023 0.988037
2572 0.000820912 0.0116219 0.987557
2577 0.00144429 0.0127462 0.98581
2578 0.00284943 0.0141199 0.983031
2579 0.00135587 0.0124878 0.986156
2580 0.000321291 0.0107463 0.988932
2581 0.000484818 0.0110939 0.988421
2582 0.00135587 0.0124878 0.986156
2587 0.558303 0.441697 0
2592 0.66401 0.0308152 0.305175
2597 0.000796762 0.011628 0.987575
2599 0.000842744 0.011683 0.987474
2600 0.00472243 0.0185431 0.976734
2605 9.46743e-05 0.0105201 0.989385
2629 0.000506286 0.0111383 0.988355
2644 0.000479643 0.0113367 0.988184
2666 0.00115937 0.0121845 0.986656
2670 0.00135587 0.0124878 0.986156
2675 0.000812482 0.0116034 0.987584
2683 0.0900217 0.581337 0.328641
2688 0 0.771152 0.228848
2693 0.000713668 0.0115942 0.987692
2695 0.0365436 0.714026 0.24943
2701 0.00121805 0.0124762 0.986306
2702 0.00124215 0.0122554 0.986502
2703 0.00106829 0.0122284 0.986703
2726 0.00135587 0.0124878 0.986156
2729 0.00146795 0.0131842 0.985348
2733 0.450313 0.519125 0.030562
2737 0.454431 0.518383 0.0271863
2739 0.000885259 0.0116732 0.987442
2741 0 0.0105629 0.989437
2742 0.000399129 0.0107166 0.988884
2745 0.00135587 0.0124878 0.986156
2746 0.00135587 0.0124878 0.986156
2748 0.00135587 0.0124878 0.986156
2752 0.000929788 0.0118223 0.987248
2753 0.00101925 0.0119171 0.987064
2754 0.000738212 0.0114262 0.987836
2775 0.000151206 0.0103937 0.989455
2776 0.00135587 0.0124878 0.986156
2777 0.00135587 0.0124878 0.986156
2778 0.00135587 0.0124878 0.986156
2779 0.00135587 0.0124878 0.986156
2780 0.00135587 0.0124878 0.986156
2786 0.00135587 0.0124878 0.986156
2789 0.000649781 0.0114026 0.987948
2790 0.000397462 0.0107958 0.988807
2791 0.000311272 0.0106653 0.989023
2797 0.000236924 0.0105672 0.989196
2798 0.00135587 0.0124878 0.986156
2804 0.0221457 0.0309491 0.946905
2808 0.31684 0.633002 0.0501582
2809 0.14995 0.710296 0.139753
2826 0.00138429 0.0128399 0.985776
2827 0.0017278 0.0128002 0.985472
2833 0.00135587 0.0124878 0.986156
2855 0 0.621247 0.378753
2864 0.000848402 0.0116902 0.987461
2866 0.00135587 0.0124878 0.986156
2873 0.000867825 0.0117222 0.98741
2875 0.000529459 0.0112402 0.98823
2878 0.00108807 0.0121413 0.986771
2885 0 0.0104214 0.989579
2886 0.000348712 0.0108177 0.988834
2887 0.000379333 0.0107454 0.988875
2888 0.00811859 0.0210414 0.97084
2889 0.00269078 0.0148037 0.982505
2890 0.0297772 0.0334009 0.936822
2897 0.00064806 0.0112241 0.988128
2898 0.00130818 0.0123602 0.986332
2904 0.00135587 0.0124878 0.986156
2904.1 0.000757078 0.0115593 0.987684
2907 0.000347286 0.0106238 0.989029
2908 0.195109 0.481146 0.323745
2913 0.00135587 0.0124878 0.986156
2927 0.000294257 0.0112993 0.988406
2931 0.000279199 0.0107534 0.988967
2932 0.00035274 0.0113985 0.988249
2933 0.000427469 0.0113939 0.988179
2934 0.000439461 0.0114684 0.988092
2935 0.000496582 0.0110849 0.988418
2945 0.638361 0 0.361639
2947 0 0.741038 0.258962
2948 0 0.753174 0.246826
2956 0.000284313 0.0107101 0.989006
2965 0.00135587 0.0124878 0.986156
2966 0.00135587 0.0124878 0.986156
2967 0.00135587 0.0124878 0.986156
2972 0.000845623 0.0116868 0.987468
2974 0.00135587 0.0124878 0.986156
2976 0.000867585 0.0115447 0.987588
2979 0.00135587 0.0124878 0.986156
2980 0.000294856 0.0107322 0.988973
2981 0.000353047 0.010738 0.988909
2991 0.000558766 0.0115282 0.987913
2995 0.000545134 0.0115149 0.98794
2999 0.000360589 0.0107656 0.988874
3000 0.000377267 0.0107619 0.988861
3001 0.000379327 0.0107653 0.988855
3020 0.373942 0.483108 0.14295
3021 0.633685 0.315533 0.0507816
3022 0.614814 0.297484 0.0877012
3024 0.000405984 0.0108957 0.988698
3025 0.00135587 0.0124878 0.986156
3026 0.00135587 0.0124878 0.986156
3027 0.00135587 0.0124878 0.986156
3028 0.00135587 0.0124878 0.986156
3029 0.00135587 0.0124878 0.986156
3030 0.00135587 0.0124878 0.986156
3031 0.00135587 0.0124878 0.986156
3032 0.00135587 0.0124878 0.986156
3033 0.00135587 0.0124878 0.986156
3034 0.00089185 0.0117176 0.987391
3035 0.00135587 0.0124878 0.986156
3036 0.00135587 0.0124878 0.986156
3037 0.00135587 0.0124878 0.986156
3038 0.00135587 0.0124878 0.986156
3039 0.00135587 0.0124878 0.986156
3041 0.000272629 0.0106869 0.98904
3047 0.000971408 0.011893 0.987136
3048 0.00135587 0.0124878 0.986156
3051 0.00135587 0.0124878 0.986156
3052 0.00135587 0.0124878 0.986156
3053 0.000637064 0.0114194 0.987943
3056 0.00078289 0.0114896 0.987727
3057 0.00084564 0.0116852 0.987469
3072 0.000831217 0.0116651 0.987504
3076 0.00135587 0.0124878 0.986156
3077 0.00135587 0.0124878 0.986156
3078 0.00135587 0.0124878 0.986156
3080 0.00135587 0.0124878 0.986156
3090 0.000430628 0.0113731 0.988196
3091 0.000381963 0.0114377 0.98818
3092 0.000294745 0.0112364 0.988469
3096 0.00100853 0.0119557 0.987036
3104 0.000246731 0.0106219 0.989131
3108 0.000977944 0.0120403 0.986982
3114 0.00135587 0.0124878 0.986156
3115 0.00135587 0.0124878 0.986156
3120 0.000948029 0.0118502 0.987202
3121 0.00135587 0.0124878 0.986156
3122 0.00135587 0.0124878 0.986156
3123 0.00135587 0.0124878 0.986156
3124 0.00135587 0.0124878 0.986156
3125 0.00135587 0.0124878 0.986156
3126 0.00135587 0.0124878 0.986156
3127 0.00135587 0.0124878 0.986156
3129 0.000914916 0.0117411 0.987344
3133 0.00135587 0.0124878 0.986156
3134 0.000375607 0.0111386 0.988486
3141 0.000174461 0.0105923 0.989233
3146 0.000455265 0.0115492 0.987996
3239 0.00027967 0.0106793 0.989041
3255 0.000752504 0.0115407 0.987707
3264 0 0.706415 0.293585
3265 0.483814 0.173998 0.342187
3266 0.297778 0.369165 0.333057
3267 0.00115035 0.0121728 0.986677
3284 0.00243746 0.0124926 0.98507
3290 0.0237827 0.0215112 0.954706
3298 0.0192803 0.0280528 0.952667
3302 0.000363474 0.0113373 0.988299
3303 0.000752291 0.0112751 0.987973
3307 0.000523814 0.0111248 0.988351
3311 0 0.763157 0.236843
3312 0.0012701 0.0125342 0.986196
3313 0.201622 0.532851 0.265527
3314 0.0391706 0.681362 0.279468
3315 0.554795 0.117467 0.327738
3318 0 0.744205 0.255795
3319 0 0.745391 0.254609
3324 0.00135587 0.0124878 0.986156
3325 0.00135587 0.0124878 0.986156
3326 0.00135587 0.0124878 0.986156
3331 0.00135587 0.0124878 0.986156
3332 0.00135587 0.0124878 0.986156
3333 0.00135587 0.0124878 0.986156
3334 0.00135587 0.0124878 0.986156
3338 0.00135587 0.0124878 0.986156
3339 0.175777 0.466125 0.358098
3344 0.000327465 0.0106277 0.989045
3354 0.000757966 0.011583 0.987659
3358 0.000635049 0.0113466 0.988018
3378 0.000425975 0.0114386 0.988135
3379 0.00476498 0.0202663 0.974969
3396 0.000354112 0.0107366 0.988909
3398 0.000450531 0.0110322 0.988517
3400 0.000709169 0.0114087 0.987882
3401 0.000832287 0.0116673 0.9875
3406 0.469586 0.520973 0.00944158
3407 0.000375248 0.0115606 0.988064
3410 0.000765122 0.0115533 0.987682
3411 0.000824073 0.0116525 0.987523
3414 0.000393165 0.0114278 0.988179
3431 0.00117269 0.0122081 0.986619
3444 0.000861513 0.0117116 0.987427
3445 0.618333 0 0.381667
3447 0 0.725344 0.274656
3448 0.472193 0.157407 0.3704
3449 0.462912 0.233453 0.303634
3451 0.174782 0.557791 0.267427
3452 0.581951 0 0.418049
3453 0.00135587 0.0124878 0.986156
3454 0.37095 0.544812 0.0842376
3455 0.642342 0.321905 0.0357535
3456 0.278652 0.346396 0.374952
3457 0.204604 0.490132 0.305265
3458 0 0.724337 0.275663
3460 0.662034 0 0.337966
3461 0.466085 0.170638 0.363277
3462 0.48523 0.177631 0.337139
3466 0.0120588 0.0282764 0.959665
3467 0.47204 0.25936 0.2686
3468 0.00188386 0.0126185 0.985498
3469 0.352029 0.410557 0.237414
3470 0.207215 0.514563 0.278222
3471 0 0.737865 0.262135
3472 0 0.744909 0.255091
3486 0.477595 0.158196 0.364209
3487 0.420548 0.494909 0.0845431
3502 0.00099546 0.0119134 0.987091
3504 0.000841258 0.0116777 0.987481
3506 0.000233262 0.010744 0.989023
3519 0.00323922 0.0126094 0.984151
3536 0.0019487 0.0217503 0.976301
3537 0.000737841 0.0112249 0.988037
3557 0.270208 0.399638 0.330154
3562 0.00735873 0.0150233 0.977618
3612 0.205837 0.513744 0.280419
3630 0.621362 0 0.378638
3662 0.0124406 0.0269727 0.960587
3716 0.000525743 0.0110497 0.988425
3719 0.000971408 0.011893 0.987136
3721 0.0009451 0.0118529 0.987202
3722 0.000873167 0.0117314 0.987395
3724 0.000364951 0.0113128 0.988322
3725 0.0241199 0.572184 0.403696
3735 0.000828746 0.0116622 0.987509
3772 0.000868275 0.0117225 0.987409
3775 0.000561887 0.01122 0.988218
3776 0.00133321 0.0121893 0.986477
3788 0.000896135 0.0116613 0.987443
3792 0.000989261 0.0118586 0.987152
3816 0.000856799 0.0117039 0.987439
3817 0.000852495 0.0116966 0.987451
3820 0.000973977 0.0116788 0.987347
3821 0.000960722 0.0118739 0.987165
3832 0.00211937 0.0135091 0.984372
3833 0.00138352 0.0117864 0.98683
3834 0.000879031 0.0117466 0.987374
3835 0.000717574 0.0114613 0.987821
3836 0.0010374 0.0158087 0.983154
3837 0.00092907 0.0118356 0.987235
3838 0.000846932 0.0117107 0.987442
3853 0.000672273 0.0113542 0.987974
3867 0.00246005 0.0132865 0.984253
3870 0.000999513 0.0118806 0.98712
3872 0.000826662 0.0116567 0.987517
3877 0.000384121 0.0109529 0.988663
3961 0.00396781 0.0174673 0.978565
3963 0.00334078 0.0167431 0.979916
3964 0.000681317 0.0114186 0.9879
3966 0.000626621 0.0113686 0.988005
3968 0.221369 0.482236 0.296395
4000 0.000587032 0.0112646 0.988148
4020 0.00047794 0.0109775 0.988545