70 0.653755 0.0180366 0.328209
72 0.265995 0.497157 0.236848
74 0.645362 0 0.354638
76 0.167962 0.578413 0.253626
77 0.591196 0.282786 0.126018
78 0 0.712454 0.287546
79 0.263975 0.286825 0.4492
80 0.370186 0.629814 0
81 0.375571 0.512497 0.111931
82 0.528076 0.193803 0.278121
83 0.218837 0.28405 0.497114
84 0.437714 0.524097 0.0381885
85 0.0989009 0.610759 0.29034
86 0.573125 0.273475 0.1534
87 0.655911 0.297659 0.0464298
88 0.09902 0.610907 0.290073
89 0.581813 0.266522 0.151666
90 0.579041 0.268849 0.15211
91 0.302713 0.116129 0.581158
92 0.174149 0.53069 0.295161
93 0 0.71359 0.28641
95 0.175295 0.535097 0.289608
96 0 0.703887 0.296113
97 0 0.712458 0.287542
167 0.522362 0.244392 0.233246
192 0 0.0507066 0.949293
196 0 0.050571 0.949429
197 0.576318 0.272455 0.151227
200 0 0.716847 0.283153
205 0.39605 0.560509 0.0434411
206 0.411976 0.521164 0.0668602
208 0.000105906 0.0539435 0.945951
210 0.279577 0.544774 0.175649
211 0.00604107 0.0604151 0.933544
212 0.24406 0.186632 0.569309
213 0.445731 0.338605 0.215664
221 0.208153 0.139661 0.652186
222 0.449411 0.27167 0.278918
223 0 0.0505749 0.949425
224 0 0.0507963 0.949204
225 0.000292497 0.0521901 0.947517
228 0.417521 0.459591 0.122888
232 0.509654 0.184573 0.305774
235 0.606814 0.173988 0.219198
241 0.426244 0.534786 0.0389706
356 0.444007 0.509848 0.0461445
357 0.027316 0.679991 0.292693
358 0.027249 0.677904 0.294847
360 0.457118 0.527917 0.0149654
361 0.208836 0.559473 0.231691
430 0 0.70382 0.29618
478 0.52236 0.47764 0
479 0.651012 0 0.348988
482 0.0254413 0.238448 0.73611
490 0.493935 0.505999 6.63E-05
491 0.613233 0.286978 0.0997887
505 0.435743 0.473603 0.0906534
609 0.285268 0.345255 0.369477
619 0.0269789 0.637967 0.335054
620 0 0.70757 0.29243
621 0 0.707061 0.292939
667 0.321227 0.457288 0.221486
672 0.473551 0.148685 0.377764
684 0 0.698451 0.301549
695 0.368857 0.489428 0.141715
816 0.0200846 0.723572 0.256343
1006 0.499649 0.500351 0
1026 0.484718 0.515282 0
1064 0.457932 0.498611 0.0434571
1151 0.442765 0.458018 0.0992176
1228 0.330429 0.357453 0.312118
1245 0.485799 0.514201 0
1315 0.456067 0.493194 0.0507392
1337 0.458037 0.496929 0.0450339
1406 0 0.707199 0.292801
1407 0.596138 0 0.403862
1408 0 0.70728 0.29272
1409 0.170561 0.515523 0.313916
1413 0 0.689441 0.310559
1414 0.36265 0.168889 0.468461
1415 0 0.67951 0.32049
1444 0.442834 0.497918 0.0592479
1529 0.461892 0.420135 0.117973
1603 0.485168 0.514832 0
1681 0.48683 0.51317 0
2397 0.212388 0.546241 0.241372
2401 0.530833 0.0896401 0.379527
2517 0 0.695234 0.304766
2592 0.635844 0.0153875 0.348769
2688 0 0.721371 0.278629
2733 0.481535 0.518465 0
2737 0.483605 0.516395 0
2776 0 0.0505749 0.949425
2777 0 0.0505749 0.949425
2778 0 0.0505749 0.949425
2779 0 0.0505749 0.949425
2780 0 0.0505749 0.949425
2798 0 0.0505749 0.949425
2826 0 0.0505749 0.949425
2855 0 0.584398 0.415602
2945 0.600949 0 0.399051
2947 0 0.691904 0.308096
2948 0 0.707521 0.292479
2967 0 0.0505749 0.949425
2974 0 0.0505749 0.949425
3025 0 0.0505749 0.949425
3026 0 0.0505749 0.949425
3028 0 0.0505749 0.949425
3030 0 0.0505749 0.949425
3031 0 0.0505749 0.949425
3032 0 0.0505749 0.949425
3033 0 0.0505749 0.949425
3035 0 0.0505749 0.949425
3036 0 0.0505749 0.949425
3037 0 0.0505749 0.949425
3038 0 0.0505749 0.949425
3039 0 0.0505749 0.949425
3051 0 0.0505749 0.949425
3052 0 0.0505749 0.949425
3076 0 0.0505749 0.949425
3077 0 0.0505749 0.949425
3078 0 0.0505749 0.949425
3114 0 0.0505749 0.949425
3121 0 0.0505749 0.949425
3122 0 0.0505749 0.949425
3123 0 0.0505749 0.949425
3124 0 0.0505749 0.949425
3125 0 0.0505749 0.949425
3126 0 0.0505749 0.949425
3127 0 0.0505749 0.949425
3265 0.453509 0.15409 0.392401
3266 0.273582 0.341436 0.384982
3311 0 0.713764 0.286236
3313 0.18547 0.492659 0.321871
3314 0.0313901 0.645281 0.323329
3315 0.515862 0.100397 0.38374
3318 0 0.694933 0.305067
3319 0 0.696947 0.303053
3324 0 0.0505749 0.949425
3325 0 0.0505749 0.949425
3326 0 0.0505749 0.949425
3331 0 0.0505749 0.949425
3333 0 0.0505749 0.949425
3334 0 0.0505749 0.949425
3338 0 0.0505749 0.949425
3339 0.160961 0.443977 0.395062
3406 0.488851 0.511149 0
3445 0.58195 0 0.41805
3447 0 0.679227 0.320773
3448 0.434028 0.141475 0.424497
3449 0.427526 0.205999 0.366475
3452 0.547022 0 0.452978
3455 0.632916 0.295705 0.071379
3456 0.250945 0.322971 0.426084
3457 0.181821 0.456849 0.36133
3458 0 0.67609 0.32391
3460 0.623221 0 0.376779
3461 0.435224 0.153529 0.411247
3462 0.453648 0.159738 0.386614
3467 0.437674 0.229707 0.332619
3470 0.186963 0.472534 0.340503
3471 0 0.68859 0.31141
3472 0 0.695024 0.304976
3486 0.445449 0.138801 0.41575
3487 0.405997 0.46469 0.129313
3557 0.248163 0.370409 0.381428
3612 0.185478 0.471666 0.342856
3630 0.584821 0 0.415179
