70 0.127611 0.853272 0.0191166
72 0.21932 0.257945 0.522735
74 0.0770864 0.922914 0
76 0.155282 0.177343 0.667375
77 0.511753 0.464977 0.0232702
78 0.0772978 0 0.922702
79 0.398238 0.301207 0.300555
80 0.619081 0.0278636 0.353055
81 0.404441 0.243274 0.352285
82 0.11208 0.696687 0.191233
83 0.652004 0.13008 0.217916
84 0.830941 0.0136519 0.155407
85 0.139347 0.106302 0.754352
86 0.482097 0.46651 0.0513926
87 0.554466 0.445534 0
88 0.138512 0.106968 0.754519
89 0.467273 0.48694 0.0457868
90 0.469698 0.480901 0.0494009
91 0 0.720249 0.279751
92 0.163971 0.194497 0.641532
93 0.0759106 0 0.924089
95 0.166399 0.191994 0.641607
96 0.0760187 0 0.923981
97 0.076061 0 0.923939
167 0.453587 0.47464 0.0717733
192 0.263864 0.324518 0.411618
196 0.0639459 0.498372 0.437682
197 0.49624 0.468213 0.0355472
200 0.0889461 0 0.911054
205 0.601657 0.11165 0.286693
206 0.631953 0.119206 0.24884
208 0.152645 0.2746 0.572755
210 0.250041 0.233086 0.516873
211 0.454824 0.18586 0.359316
212 0.228417 0.503371 0.268211
213 0.235868 0.506029 0.258103
221 0.0852804 0.61023 0.304489
222 0.1093 0.597818 0.292883
223 0 0.506593 0.493407
224 0.072128 0.614783 0.313089
225 0.066053 0.605878 0.328069
228 0.73448 0.10335 0.16217
232 0.109854 0.700211 0.189935
235 0.113925 0.792201 0.093874
241 0.847794 0 0.152206
356 0.543467 0.233086 0.223448
357 0.0988676 0.0367782 0.864354
358 0.0991701 0.0369132 0.863917
360 0.553131 0.231265 0.215604
361 0.18588 0.187399 0.626721
430 0.0779427 0.00178313 0.920274
478 0.267559 0.4625 0.269941
479 0.0779928 0.922007 0
482 0.113964 0.0404847 0.845551
490 0.571376 0.255318 0.173307
491 0.550202 0.449798 0
505 0.610989 0.175282 0.21373
609 0.0542083 0.446028 0.499763
619 0.094499 0.0387902 0.866711
620 0.0758738 0 0.924126
621 0.085984 0 0.914016
667 0.356141 0.254289 0.38957
672 0 0.735208 0.264792
684 0.0830197 0 0.91698
695 0.389818 0.255936 0.354246
816 0.11146 0.00378146 0.884758
1006 0.894714 0.0413416 0.063944
1026 0.967176 0 0.032824
1064 0.718139 0.120682 0.161179
1151 0.710443 0.136838 0.152719
1228 0.926877 0 0.0731232
1245 0.964509 0 0.0354912
1315 0.823799 0.0498797 0.126321
1337 0.724612 0.117926 0.157462
1406 0.0722454 0 0.927755
1407 0.0828478 0.917152 0
1408 0.0710164 0 0.928984
1409 0.0708037 0.251663 0.677534
1413 0.0775745 0 0.922425
1414 0.4377 0.490339 0.0719616
1415 0.077675 0.000420399 0.921905
1444 0.741988 0.0953095 0.162702
1529 0.592131 0.283411 0.124457
1603 0.939895 0 0.0601049
1681 0.956824 0 0.0431756
2397 0.197838 0.187314 0.614848
2401 0.0374293 0.794199 0.168372
2517 0.0772564 0 0.922744
2592 0.130988 0.852304 0.0167074
2688 0.0841772 0 0.915823
2733 0.942845 0 0.0571549
2737 0.949107 0 0.0508928
2776 0.720733 0.255941 0.0233258
2777 0.741672 0.258328 0
2778 0.135004 0.456804 0.408193
2779 0.137728 0.447809 0.414463
2780 0.742216 0.257784 0
2798 0.246661 0.503695 0.249644
2826 0 0.260372 0.739628
2855 0.0821859 0 0.917814
2945 0.0771397 0.92286 0
2947 0.0851896 0 0.91481
2948 0.0886409 0 0.911359
2967 0.705152 0.257182 0.0376652
2974 0.746006 0.253994 0
3025 0.136561 0.447402 0.416037
3026 0.745469 0.254531 0
3028 0.252868 0.504351 0.242781
3030 0.0734623 0.600397 0.326141
3031 0.123606 0.441997 0.434396
3032 0.163718 0.184177 0.652105
3033 0.165674 0.186435 0.647891
3035 0.126494 0.441337 0.432169
3036 0.125526 0.441285 0.433189
3037 0.312064 0.43755 0.250386
3038 0.27948 0.291283 0.429236
3039 0.137432 0.500688 0.36188
3051 0.133965 0.262856 0.603179
3052 0.135844 0.358636 0.50552
3076 0.134427 0.357886 0.507686
3077 0.138007 0.401096 0.460897
3078 0.168436 0.165129 0.666435
3114 0.20992 0.174833 0.615247
3121 0.08777 0.476703 0.435527
3122 0.164707 0.359779 0.475514
3123 0.0363312 0.427845 0.535824
3124 0.633105 0.301985 0.0649096
3125 0.612326 0.305427 0.082247
3126 0.175615 0.155364 0.66902
3127 0.179161 0.155809 0.66503
3265 0 0.727071 0.272929
3266 0.00639946 0.470202 0.523399
3311 0.0806251 0 0.919375
3313 0.115608 0.252332 0.632061
3314 0.0753633 0.0634241 0.861213
3315 0 0.784972 0.215028
3318 0.0785919 0 0.921408
3319 0.0756609 0 0.924339
3324 0.0820988 0 0.917901
3325 0.72726 0.27274 0
3326 0.141526 0.529587 0.328887
3331 0.109868 0.502268 0.387864
3333 0.716291 0.264652 0.019057
3334 0.14632 0.330204 0.523476
3338 0.498842 0.271979 0.22918
3339 0.176056 0.172898 0.651045
3406 0.955762 0 0.0442375
3445 0.0614007 0.938599 0
3447 0.0784471 0.00310475 0.918448
3448 0 0.727523 0.272477
3449 0.0174621 0.655104 0.327434
3452 0.0768107 0.920049 0.00314023
3455 0.548295 0.451705 0
3456 0.0401024 0.442084 0.517813
3457 0.0614886 0.295101 0.64341
3458 0.0777288 0 0.922271
3460 0.0658995 0.9341 0
3461 0 0.698235 0.301765
3462 0 0.699016 0.300984
3467 0.0388525 0.638163 0.322984
3470 0.0106232 0.316673 0.672704
3471 0.0742099 0 0.92579
3472 0.0765209 0 0.923479
3486 0 0.720883 0.279117
3487 0.477207 0.261218 0.261575
3557 0.0596339 0.397868 0.542499
3612 0.0102209 0.31632 0.673459
3630 0.0622029 0.937797 0
