70 0.826505 0.169851 0.00364418
72 0.219957 0.321024 0.459019
74 0.88297 0.11703 0
76 0.150418 0.253212 0.59637
77 0.385352 0.603579 0.0110695
78 0 0.188682 0.811318
79 0.232187 0.5246 0.243213
80 0 0.713489 0.286511
81 0.16725 0.537477 0.295273
82 0.635124 0.198054 0.166822
83 0.0980869 0.692254 0.209659
84 0.0186781 0.807813 0.173509
85 0.102637 0.224615 0.672748
86 0.400542 0.570095 0.0293635
87 0.340816 0.659184 0
88 0.102712 0.224303 0.672985
89 0.413159 0.559328 0.0275135
90 0.406932 0.56522 0.0278484
91 0.739955 0 0.260045
92 0.178086 0.252141 0.569773
93 0 0.188551 0.811449
95 0.172755 0.258494 0.568751
96 0 0.188451 0.811549
97 0 0.188324 0.811676
167 0.412727 0.536771 0.0505016
192 0.351633 0.256356 0.39201
196 0.572928 0 0.427072
197 0.401438 0.585052 0.0135098
200 0 0.195689 0.804311
205 0.0478982 0.697632 0.25447
206 0.0537225 0.734088 0.21219
208 0.259452 0.227437 0.513111
210 0.161517 0.399054 0.439429
211 0.143056 0.529377 0.327567
212 0.386605 0.407201 0.206194
213 0.382633 0.42035 0.197017
221 0.567169 0.156957 0.275874
222 0.557534 0.183735 0.258732
223 0.543934 0 0.456066
224 0.581526 0.137702 0.280772
225 0.588624 0.113369 0.298007
228 0.0603372 0.778325 0.161338
232 0.636217 0.197647 0.166136
235 0.675098 0.262053 0.0628483
241 0 0.838703 0.161297
356 0.110984 0.721546 0.16747
357 0.0328831 0.198382 0.768735
358 0.032906 0.198379 0.768715
360 0.104395 0.73608 0.159525
361 0.139222 0.324609 0.536169
430 0.00046513 0.187254 0.812281
478 0.30283 0.538296 0.158874
479 0.88282 0.11718 0
482 0.0249103 0.234736 0.740354
490 0.130745 0.751189 0.118065
491 0.3459 0.6541 0
505 0.140072 0.66894 0.190988
609 0.445788 0.105123 0.449089
619 0.0334852 0.1972 0.769315
620 0 0.187631 0.812369
621 0 0.187873 0.812127
667 0.193956 0.472373 0.33367
672 0.748435 0.000217755 0.251348
684 0 0.192134 0.807866
695 0.174904 0.533094 0.292002
816 0 0.229073 0.770927
1006 0.0339124 0.876732 0.0893556
1026 0 0.91667 0.0833302
1064 0.0856412 0.760185 0.154174
1151 0.0909264 0.772341 0.136733
1228 0.000345186 0.889929 0.109726
1245 0 0.914937 0.0850634
1315 0.0390474 0.822121 0.138832
1337 0.0785791 0.774335 0.147086
1406 0 0.184796 0.815204
1407 0.873032 0.126968 0
1408 0 0.184744 0.815256
1409 0.232541 0.172393 0.595066
1413 0 0.188817 0.811183
1414 0.435281 0.504846 0.059873
1415 0 0.187761 0.812239
1444 0.0679399 0.767308 0.164753
1529 0.182878 0.70818 0.108942
1603 0.00525087 0.896796 0.0979536
1681 0 0.909524 0.0904757
2397 0.14058 0.338 0.52142
2401 0.787045 0.066127 0.146828
2517 0 0.185895 0.814105
2592 0.822376 0.177624 0
2688 0 0.197883 0.802117
2733 0 0.899631 0.100369
2737 0 0.905262 0.0947381
2776 0.13473 0.841737 0.0235327
2777 0.135075 0.862074 0.00285106
2778 0.348568 0.328051 0.323381
2779 0.342284 0.331104 0.326612
2780 0.134419 0.859611 0.00597081
2798 0.392868 0.420684 0.186448
2826 0.326243 0 0.673757
2855 0 0.191094 0.808906
2945 0.877725 0.122275 0
2947 0 0.194316 0.805684
2948 0 0.198786 0.801214
2967 0.135259 0.830979 0.0337619
2974 0.131191 0.868809 0
3025 0.342798 0.329559 0.327644
3026 0.131462 0.86572 0.00281843
3028 0.388914 0.431894 0.179192
3030 0.563254 0.164365 0.27238
3031 0.343786 0.306406 0.349809
3032 0.131737 0.295984 0.572279
3033 0.135037 0.29606 0.568903
3035 0.34214 0.310508 0.347351
3036 0.342068 0.309601 0.348331
3037 0.312878 0.510681 0.176442
3038 0.220083 0.421902 0.358015
3039 0.43136 0.279195 0.289445
3051 0.222214 0.258485 0.519301
3052 0.281221 0.301497 0.417282
3076 0.282635 0.298076 0.419289
3077 0.345041 0.269111 0.385849
3078 0.128537 0.300124 0.571339
3114 0.114584 0.369471 0.515946
3121 0.444985 0.189556 0.365459
3122 0.287903 0.314678 0.397418
3123 0.434882 0.0893283 0.47579
3124 0.21169 0.727787 0.060523
3125 0.222059 0.710808 0.0671333
3126 0.115725 0.310058 0.574218
3127 0.113238 0.32152 0.565241
3265 0.726313 0.0216667 0.252021
3266 0.480464 0.0414232 0.478113
3311 0 0.187314 0.812686
3313 0.258421 0.17196 0.569619
3314 0.0539099 0.178395 0.767696
3315 0.796915 0.00597434 0.19711
3318 0 0.185501 0.814499
3319 0 0.186603 0.813397
3324 0 0.19555 0.80445
3325 0.163438 0.836562 0
3326 0.460052 0.275245 0.264703
3331 0.454473 0.232209 0.313319
3333 0.161029 0.812819 0.0261522
3334 0.262578 0.307098 0.430324
3338 0.190177 0.607973 0.20185
3339 0.129191 0.31557 0.555238
3406 0 0.919244 0.0807559
3445 0.898866 0.101134 0
3447 0.000619554 0.186371 0.81301
3448 0.733537 0.0173145 0.249148
3449 0.658577 0.0486928 0.29273
3452 0.887028 0.112972 0
3455 0.342453 0.657547 0
3456 0.448518 0.0818114 0.469671
3457 0.289824 0.133971 0.576205
3458 0 0.187046 0.812954
3460 0.896953 0.103047 0
3461 0.725322 0 0.274678
3462 0.725326 0 0.274674
3467 0.624562 0.0909617 0.284476
3470 0.332432 0.0700686 0.5975
3471 0 0.184811 0.815189
3472 0 0.186605 0.813395
3486 0.739866 0 0.260134
3487 0.179255 0.595619 0.225126
3557 0.399712 0.115767 0.48452
3612 0.33232 0.0701071 0.597573
3630 0.898565 0.101435 0
